"V1" "V2" "V3" "V4" "V5" "V6" "V7" "V8" "V9" "V10" "V11" "V12" "V13" "V14" "V15" "V16" "V17" "V18" "V19" "V20" "V21"
0.0976484651188743 0.0768717405370752 0.0785284841238544 0.12620411498739 0.0997692297401918 0.0816991220773637 0.0782133831941925 0.127167483088141 0.343346882495117 0.136047146209076 0.0510285731158493 0.316304837676635 0 0 0 1 1.77554774377495 0.910309325205162 0.332796147791669 0.74725797213614 16
0.123638865371047 0.0196550837682701 0.0216234715803972 0.248178115462379 0.131896294735499 0.0211568009476542 0.0230274113519672 0.255505780997586 0.284477201484378 0.0406858089695039 0.0065888327905293 0.249660189603035 0 1 1 0 1.99290022393689 0.811510586645454 0.0934409152250737 0.969843920785934 17
0.285253129818151 0.150833903730386 0.149384489162762 0.726985867265323 0.303536482369693 0.143887059396709 0.145319993965725 0.825148720594623 0.429374570069127 0.0938866277569697 0.0328213130100162 0.344885834831884 0 0 0 0 1.12181222438812 0.652303830254823 0.215611922554672 0.297541262814775 18
0.112373967459431 0.0226932902662313 0.0251136670739041 0.285496128499133 0.111147476977661 0.017366862204267 0.0186622492195574 0.295943230115792 0.365228366235912 0.055399747564348 0.0225796056846665 0.317899484271602 1 1 1 1 1.39790877746418 0.711442576022819 0.272970167221501 0.492779911495745 19
0.0934598704385885 0.0977017088346673 0.106495133267861 0.0892110071853183 0.103781748543234 0.110836174486732 0.109298529567037 0.0959336113349571 0.208741442593088 0.145711343492274 0.0422581816409884 0.0672324080006594 0 0 0 1 1.49513221206143 0.969297251896933 0.276013411115855 0.208839517552406 20
0.0136109265881895 0.0142669558329115 0.0158924441293716 0.0309703436724751 0.0060895567433924 0.0145831203301992 0.0151990793343133 0.0261443198048863 0.260750036457999 0.0230050360582499 0.00329337472409923 0.26581850334997 1 1 1 1 1.62347775837407 0.581902888603508 0.0563015448860824 0.706641011638567 26
0.043897380115382 0.0778627750234327 0.0739697004474299 0.198595500297553 0.0260745382606717 0.0850179759246107 0.066705547217719 0.279743917472661 0.47965425828108 0.179447941710794 0.0550578045995278 0.340792026277161 1 1 1 1 1.53594088042155 0.81922329030931 0.305421998491511 0.338864039396867 27
0.0468086033373414 0.0505023779200202 0.0500745869982615 0.0729904357811549 0.0347647102781726 0.0360637357300957 0.036580394612484 0.0519776228155348 0.10394625425076 0.0876882667961433 0.0253266203138113 0.017452555703983 1 1 1 1 1.15449209976941 0.887741309823468 0.262252214364707 0.0839636714663357 28
0.0614387014574604 0.0320364593944967 0.108737732702141 0.181401928755335 0.0580095309547917 0.0602735252112098 0.0980045485034892 0.168107075960678 0.35584729743419 0.314444134989047 0.103611938515496 0.303502738684656 1 1 1 1 1.33023223374039 0.746596497716382 0.208682954544201 0.583391360472888 29
0.0372549454969244 0.021573770583755 0.0193738443558311 0.0827920458867913 0.0331873520252218 0.014655500219318 0.013478338273096 0.112113573493895 0.244494309325694 0.121826235127826 0.0280702292476218 0.126338994236168 1 1 1 1 1.33386314334348 0.872996591031551 0.203180402750149 0.30182553594932 30
0.00095179025709221 0.000187894542691574 0.000178036105580177 0.000351096098918884 0.00111666652210936 0.00028518207385396 0.000283970945861106 0.000367277949526158 0.00764133963486491 0.000789486616713297 0.000115266987794429 0.000663838001793537 1 1 1 1 1.42299400363117 0.259661698713899 0.0134647584054619 0.1624670852907 86
0.0674258788996157 0.236017703064941 0.292902755174155 0.789569381582445 0.0606655948340351 0.252683832191743 0.276819752966902 1.01272273568827 0.319117401488402 0.293414902371012 0.0791191721257862 0.259038260047228 1 0 0 0 1.19886562693864 0.96049494901672 0.210728319361806 0.182071308372542 87
0.0195744165594137 0.150846480595031 0.146163741867983 0.0450374540901923 0.0121197451404762 0.136196246967375 0.132307428706581 0.067537961420648 0.148560436099582 0.0593005801682828 0.0163324686955075 0.163960444439094 1 0 0 1 1.56535166269168 0.524979378096759 0.118019520770758 0.90673198364675 88
0.189614027641038 0.448868352345672 0.394194813937895 0.205866799075729 0.191280636086943 0.420561895423807 0.427487451035494 0.0899808344308376 0.357477066694545 0.360028807291665 0.128002486467164 0.284897324805753 1 0 1 1 0.88625013269484 0.446366888703778 0.148047736380249 0.432289927499369 89
0.00325978097836951 4.04261624119979e-06 0.00101557330630915 0.00504940160285518 0.00300635337481276 0.00262056096902714 0.00263994180909553 0.00530340973923833 0.134972039703696 0.0205986770949091 0.00490392954743113 0.12326633158749 1 1 1 1 1.86671740468591 0.753209598362446 0.167453079251572 0.704245692817494 90
0.0736422272453155 0.123479072507772 0.117635643322155 0.0392569877533301 0.0630601101726985 0.112058963438374 0.112443121082799 0.0110614665819524 0.271641599690214 0.145250587609539 0.0369417408322795 0.264079988615955 1 0 0 1 1.52716022077948 0.737695465795696 0.163626953260973 0.696092047262937 101
0.0313440060970247 0.0271858940613862 0.027908204388751 0.0624297582907857 0.0427757701296193 0.0390795806261162 0.0390102115304421 0.0707589237730822 0.115011555432201 0.0584650637509296 0.0230542566123801 0.0624299204426481 0 0 0 1 1.63577365968376 0.986487993504852 0.383424478117377 0.388243217486888 102
0.0780305486052908 0.0450239550832457 0.0443760449021005 0.212026913936554 0.0800138566527964 0.037893603328259 0.038379846174047 0.237060398832465 0.295341129982413 0.104743370401688 0.0205493143733037 0.198099943823842 1 1 1 1 1.46793189179152 0.842703562229872 0.161054811673239 0.388288215966895 103
0.00939081372733605 0.00332621300761241 0.00448204563042886 0.0397085680407528 0.0215629663532028 0.00215773538056444 0.00484027902362901 0.0583388002715366 0.228718605534107 0.0469020667094122 0.0195308438518264 0.203964338308809 1 1 1 1 1.83091538213193 0.862672008341178 0.3240014645271 0.786945214029402 104
0.134504199759504 0.0896023057640373 0.0723097932743722 0.47136208290635 0.113297218261342 0.0926057146115361 0.0800016327847789 0.387462661181435 0.329135736234764 0.165900524867427 0.0304904979661122 0.307764983009841 0 1 1 0 1.39914635382593 0.708692834945396 0.0941834254190326 0.600150750251487 105
0.00118633576166284 0.000561310943747782 0.00499281994274933 0.00156958275460364 0.00125571575544683 0.000303461425494196 0.00425029268038637 0.00282495122747679 0.0224712752756728 0.0195398580165173 0.00565607299614451 0.00356416460937528 1 1 1 1 1.42434225184843 0.802161605563015 0.235966319683939 0.0890944460406899 141
0.520115727917319 0.0123596222963807 0.0130414368638501 2.2949632360646 0.381778324612186 0.0134216870291565 0.0139060362947769 1.63421599829824 0.510644954034601 0.0193442770768656 0.00509317287174682 0.58142106682528 0 1 1 0 0.840781179256737 0.232541934354231 0.0478695291094482 0.209006621036679 142
0.000831447591562381 0.00109555530205021 0.0021659247586835 0.00397698435047689 0.000887303248119422 0.000882337918799987 0.00181076043281134 0.0029607268180606 0.00769206276878742 0.00514630942867206 0.00167414305353336 0.00165046942943925 1 1 1 1 0.986797175835818 0.429446791298687 0.126605201978236 0.0880732778459787 143
0.000653982278631369 0.00106599206613937 0.00533613728394638 0.00367730129441021 0.000362792870475553 0.000873829184048368 0.00507758149704333 0.00309588525474187 0.026413263362854 0.021215046981213 0.00434306781585847 0.00615838007895259 1 1 1 1 1.39671241957694 0.801504180300981 0.154004799202085 0.132380713243037 144
0.00460339488992237 0.0031586358530457 0.00191723114285135 0.000216817674845333 0.00413729756113378 0.00299206931530209 0.00104974306406358 0.000328366975720799 0.0261140702327936 0.0195029926755004 0.00409518410544005 0.00752578439936713 1 1 1 1 1.26962660672143 0.704531797673553 0.138853709679097 0.145007730461657 145
0.0216834467098032 0.00935021910722359 0.00828449301962341 0.0486717160275761 0.0215932500007333 0.00580340557110057 0.0056204023949453 0.0564911440849001 0.169588388295561 0.0312314898246376 0.0107193667593948 0.143334310852866 1 1 1 1 1.7907443465665 0.775482065277174 0.264216295443475 0.63058475125581 171
0.0835196088552996 0.0139016638118176 0.0141915515836891 0.181587116661913 0.0867953034840428 0.0140336720613516 0.0144319694830053 0.183474295881031 0.198096771332867 0.0228814781789074 0.00787672826618774 0.193628223544286 0 1 1 0 1.95471557183191 0.657677088864148 0.223339004209265 0.889333772007376 172
0.0283007697747746 0.0967758971278827 0.0865588574716907 0.146258485944238 0.0342781249882584 0.0893480863745054 0.0887140476117455 0.161089048817204 0.305676336011498 0.149166333002192 0.041443595948229 0.311798740926892 1 1 1 1 1.65332983154804 0.763354301219806 0.200457122875378 0.792589518008754 173
0.0244593947886209 0.00774762607740035 0.00205928964842708 0.0373571437205359 0.0194361189262425 0.00188582213426393 0.00291481951960066 0.0537762139129229 0.33169326082786 0.0690601087030571 0.006396840938738 0.267512991271016 1 1 1 1 1.60199154913425 0.785008261213079 0.0421286020427942 0.565750573528931 174
0.000473003739588541 5.88225494295275e-05 0.0047414084847901 6.50510570821473e-05 6.67262512536631e-05 0.000705476414270356 0.00369489255861107 0.00229275696492336 0.015282264388698 0.0122354797404836 0.00384281114808935 0.0033901697709135 1 1 1 1 0.842823148705065 0.4845108485315 0.14580877055414 0.076409196248278 175
0.00913813371193958 0.00265379124198652 0.00182878757382603 0.0398862835746594 0.00758944927068355 0.00599940578685768 0.00510806432651007 0.0392708607657053 0.138145317585082 0.0294046649764381 0.00845636316160076 0.112532738643211 1 1 1 1 1.8381939609535 0.78171121655032 0.225660758791491 0.627353398129344 176
0.000195251754621924 0.000495945484336746 0.00839609812568921 0.00259421391341594 0.000196365316129386 0.000171573164801549 0.00756263503822242 0.00312137362941869 0.0141718471875252 0.0119500003191214 0.000718638906477838 0.00187915185054038 1 1 1 1 1.33564538834617 0.695099112112075 0.0125865454319865 0.0668667070567608 177
0.063173964239709 0.00746738017816283 0.00830988345478607 0.14174211762923 0.0688476405682314 0.0106680153615708 0.00989487027295911 0.148776839001896 0.233605409579668 0.0293341879469624 0.00631817662525627 0.215812336859318 0 1 1 0 1.90068123163655 0.712016752688214 0.139414644101635 0.855704821646214 178
0.0773440322184959 0.00965660721405054 0.00964030953850382 0.208450058198897 0.0822283968174096 0.00909322390036648 0.00873625411842417 0.231559933699929 0.280417144912249 0.0192808295918052 0.00456419652617257 0.286963992545501 1 1 1 1 1.42736915498972 0.477078812429681 0.0982321701012552 0.545725685544312 179
0.268936148917342 0.0990096070423883 0.118005589692633 1.1505190707718 0.470917908580135 0.0921093020612509 0.116572164861635 2.44550952079276 0.52498073813691 0.0496349058026661 0.00994699392390328 0.540065741396083 0 0 0 0 0.606932490132749 0.297955380054191 0.0416473317891359 0.113513928372413 180
0.0373561285473515 0.021010008839751 0.0217042480931516 0.0851537247138058 0.0422211348508084 0.022799589890693 0.0231114519656189 0.0915632951303338 0.106620247874943 0.0277245188544704 0.00351589118535166 0.0806564390133386 0 0 0 0 1.98694147402421 0.906940113054588 0.09818378649652 0.708025241270661 181
0.00280690328779198 0.00106967485345569 0.0119716971622955 0.00567706595115791 0.00266269820835919 0.000812088547376712 0.0112175005024938 0.00552535654402124 0.047589005071355 0.0449301712017829 0.00236086251744719 0.0037451659780342 1 1 1 1 1.359236179851 0.944579614093527 0.0414148566778749 0.0452963872812688 182
0.0038648603114458 0.00456500513209676 0.00433618755269966 0.00891725447533623 0.0039885899261219 0.00493395085259199 0.00544972639733573 0.0104689103290113 0.0679950388624566 0.0539126574658471 0.00317933240832165 0.0169226209708567 1 1 1 1 1.43707517627627 0.920840727863833 0.0357172368094325 0.145527405897155 183
0.154849066926968 0.0252083898408088 0.02710694906631 0.438318741978862 0.162123142253113 0.0232914147724856 0.0272093389617565 0.467453470153896 0.296563017206804 0.0238029830900708 0.00307648799113178 0.308717398174543 0 0 1 0 1.35790231218562 0.496043074177578 0.0450264550745487 0.461842213524505 184
0.000524375941397153 0.00170125820579915 0.00725764330252306 0.00252239314840852 4.2668743883952e-05 0.00115099724492619 0.00747016273136126 0.00197700955583567 0.0128400069104808 0.0104057605452364 0.00284445642147962 0.000445490259005824 1 1 1 1 1.12313216738403 0.501908174483106 0.129360229941085 0.0161895796190947 185
0.00357024287517937 0.00273039048837635 0.000317677694255173 0.00401788217317641 0.0034961222621665 0.00293666430877664 0.000794832806368641 0.0043460309475817 0.0146063470342248 0.00818908888667835 0.00151750186033379 0.00801317704327159 1 1 1 1 1.178340413142 0.494485738920048 0.0818103586789221 0.215526681626216 186
0.101190386454459 0.034891322132989 0.0353575453971057 0.18254387177528 0.113216046622313 0.0360879938934925 0.0360042917262884 0.199527765187545 0.267298776426208 0.0415859663550042 0.0106635075901233 0.242407005726576 0 0 0 0 1.92045643739402 0.8031748351641 0.189802821958438 0.925824423786253 187
0.00136112531665118 0.00143673264606495 0.00163548048573116 0.00361708429682094 0.00134554513964029 0.00145187261695 0.00141848762230443 0.00555512515877068 0.0564336144792077 0.0307247485901012 0.00982048608010172 0.0276649417221607 1 1 1 1 1.6402641357854 0.823904419085011 0.262003395706415 0.337931318208575 188
0.0347715476897157 0.0382608366356118 0.0389704392946287 0.0461119319277076 0.0412130881410005 0.0464038708750624 0.0447441357209506 0.0526425372806231 0.106903846264452 0.090026125638101 0.026400896245781 0.0210204663038623 0 1 1 1 1.52432573214173 0.956013550283387 0.281830614199862 0.122349533485249 189
0.160859291800647 0.0183968676609412 0.0200583063620136 0.33521723489444 0.165209798302727 0.0258451679338732 0.0275721743986293 0.326484637257243 0.355641339821041 0.0591879755807859 0.0261975354733199 0.302289013162853 0 1 1 0 1.93882315373048 0.759312282549217 0.322472184430808 0.948755883146077 190
0.0479240894221559 0.000866059528362586 0.000783361820443284 0.118915743563113 0.0406016727959139 0.00440038138856828 0.00413056245556131 0.118058481839424 0.306158315344974 0.0437858703959521 0.00997847597823415 0.2751758132633 1 1 1 1 1.63244640594348 0.756891311844811 0.133887659525499 0.602062438381836 191
0.0031242469339888 0.0984057967310183 0.103480398287276 0.154329131554963 0.00480808406083583 0.0933927229552012 0.0967327064564768 0.17365575361613 0.399969240383719 0.101549190668099 0.0401057488364587 0.330654999222308 1 0 0 1 1.53095308877528 0.755688140168786 0.286874482640997 0.512301544193178 192
0.0764647737212347 0.0572411273320275 0.0561443223631812 0.207660639286469 0.171820477984668 0.0508745082521632 0.0458745469492524 0.737953562344074 0.455978041187039 0.0338616981673347 0.00841060924137481 0.513629252877675 0 0 1 0 1.16000853152946 0.323013395769522 0.0831337904091924 0.282235614722595 193
0.0477479322587455 0.047704589831822 0.0471924306236564 0.0827397237834962 0.0514752937627796 0.0559848079319122 0.0559352637694165 0.0588077832565439 0.26331610135502 0.118594727003503 0.0373162166209615 0.153263781581051 1 1 1 1 1.52956337342039 0.934540497371927 0.284737705951557 0.397952742408961 194
0.208298755964701 0.225354155984638 0.324353510966216 0.122721106823818 0.215125410421134 0.255250311094009 0.348987829504621 0.0855658097988953 0.250541088109198 0.276366449366534 0.135226619397768 0.0850962476861353 0 1 0 1 0.664563896600157 0.515438844915479 0.226062421454117 0.0837466774974018 195
0.0059568269119675 0.000814423710226022 0.000568496704823085 0.00548399074069837 0.00346635185762725 0.00198966615849027 0.00155526251619315 0.000510485489278027 0.303089575316382 0.0314088910754109 0.00591589697096184 0.28404685582475 1 1 1 1 1.60118129756302 0.656702967593446 0.101604444673285 0.709698690334335 196
0.19028530708509 0.036508598772576 0.0376492018591879 0.319745230462292 0.199312441507183 0.0363725312024896 0.0377084555108943 0.33181027962207 0.365909828374483 0.0318723438867907 0.0109778878498075 0.376016350379781 0 1 1 0 1.46972951339558 0.40948500437662 0.116472315974534 0.924870951566845 197
0.00305446451746473 0.00212886122211426 0.0049458673148669 0.00316746310724237 0.00293770218512636 0.00225825158927805 0.00412959046786778 0.00472518098363513 0.0287710980041795 0.0206148723226685 0.00494657592249115 0.00986382709575229 1 1 1 1 1.39173212274909 0.756239363923669 0.179174945922568 0.181657673092559 198
0.00216809364522736 0.00426754967934429 0.00436363943209482 0.00721676027515082 0.00227651626602576 0.00383275938712726 0.00333397421793884 0.00874629632621218 0.0219223435216496 0.0210821672061741 0.0070542453053343 0.00187350477879694 1 1 1 1 0.973538557533175 0.641095100902021 0.206235908903182 0.033094123005867 199
0.0271688221717076 0.118069918640147 0.145812679349022 0.408601790191598 0.0347848756815088 0.148986675454344 0.136684235723429 0.468994214361966 0.341903456218828 0.28262930021649 0.0966788772181121 0.301282751712043 1 1 1 0 1.24790241103619 0.871999710332602 0.249796278541908 0.345499760471284 200
0.10016112834096 0.0324384037385766 0.0284258644232077 0.214103726511481 0.117567701938077 0.0308706729911072 0.0281785560528562 0.243261574515901 0.262011421661449 0.0206012936073168 0.00313069776429131 0.265956504217717 0 0 1 0 1.85097278701141 0.528937279013917 0.0520892816130072 0.989512429339811 201
0.0888058898922735 0.000957158620321344 0.00162123713527954 0.191535895140449 0.0858044667922983 0.00219322672862616 0.00306718611775378 0.183249805078636 0.224480652466321 0.0130705726488227 0.00237104742358168 0.237419623290162 0 1 1 0 1.58239646442235 0.397302686003968 0.0591805526055396 0.776961137540638 202
0.00978616906804603 0.0102066116635458 0.0101079713001647 0.0254474072781165 0.00827820397945696 0.00878208719933139 0.0097923972415393 0.0246933733039667 0.062676880663588 0.0434245583472228 0.0188065643493912 0.020498600036546 1 1 1 1 1.25538257369772 0.796941115288064 0.333101292140782 0.176965203369036 203
0.0686342761033826 0.00472913700710511 0.00206307427360863 0.149723309179745 0.0729397388629723 0.00365779676684955 0.00154400670293812 0.154479376035728 0.250785576093414 0.0158797944598096 0.00305883125084667 0.274666932579123 1 1 1 1 1.71938762860373 0.456801910419017 0.0830688297282904 0.85228689876385 204
0.0303493559376514 0.0213380942350845 0.021933723575242 0.062680033071259 0.0365253431000007 0.0270953398785209 0.0255985006569337 0.0632282532188811 0.248387748327609 0.0609096012337964 0.00916857535166285 0.193709794109912 1 1 1 1 1.81633643060923 0.909500961424783 0.122209927765653 0.6547176821623 205
0.190176475026589 0.092201896011422 0.0876865164488048 0.641351305952501 0.144463872061948 0.109002724044751 0.112704435123086 0.498465597634688 0.347861256202812 0.227040532295401 0.10981981407102 0.228969385257971 0 1 1 0 1.18262285273522 0.612587213283405 0.286689280066639 0.450894063105807 241
0.0543190419063749 0.0104073329381238 0.140596885526199 0.0397112283007805 0.0528564256253653 0.0361447170346475 0.0913329660597291 0.257671673077247 0.32452183073828 0.308631454281142 0.08377732661861 0.196106935787472 1 1 1 1 0.912879311945289 0.70979582099244 0.150298215216026 0.191248040180653 242
0.00728663657320801 0.00709543828826712 0.00255990513788021 0.0252220589938224 0.0213919120081741 0.00559372091468255 0.0023371979320797 0.0513469464417872 0.252226769520477 0.0237048766906018 0.00282626400746693 0.269689419460411 1 1 1 1 1.54248383734375 0.49319410789758 0.0183681061025709 0.77748700324446 243
0.0675723555149491 0.19403330389369 0.311284352027397 0.239904814353328 0.0669644023272134 0.224590991653331 0.244863238789055 0.213002555551849 0.334646003771425 0.326353935109211 0.0686791178465607 0.289609885354022 1 0 1 1 1.49811042845249 0.89793062210083 0.0972862497437745 0.587710279971361 244
0.14163301077803 0.00973442181350297 0.00742522472562175 0.268369512262525 0.141006855461853 0.00840361083954733 0.00799112306533659 0.269046348057061 0.305833303685094 0.0173143879866114 0.00776611567047625 0.315989863911884 0 1 1 0 1.64825778082013 0.343686335487291 0.142336708493531 0.8695392687805 245
0.0960804050374935 0.0256114258533269 0.0257477019470406 0.171229184440709 0.135546552756694 0.0234350852352443 0.0242039879349501 0.257191333683128 0.419134984118699 0.0180953394268684 0.00386085633586003 0.460820170298292 0 1 1 0 1.6361614568159 0.282244420377538 0.0520684227813035 0.902091369964182 246
0.178111437758161 0.0747663192244561 0.121125125556934 0.281985839792165 0.183736564807718 0.0916574064888411 0.113770968865093 0.279582385597629 0.347577734974897 0.179298771897924 0.0418540913125573 0.33384655191833 0 1 1 0 1.81863441737369 0.88617819105275 0.144686747808009 0.835618765326217 247
0.0405147055053409 0.0181802482581252 0.0201477075243062 0.107539859957344 0.0407877565996872 0.0182224856841044 0.0196726126503749 0.116362904837956 0.271378835724529 0.0252499157167598 0.00749419034211671 0.266885708040047 1 1 1 1 1.45800529792905 0.534991160500795 0.141445991117507 0.60522797354497 248
0.0452994987964876 0.0133048227035298 0.0130347401406786 0.119521923419411 0.0411372885019432 0.0148691971425387 0.0145958344031099 0.123716881404991 0.249924934279166 0.0238276267756853 0.00815571959695477 0.252377004601828 1 1 1 1 1.5503036705777 0.591495936503634 0.193927319953218 0.630398983135819 249
0.0307999766573335 0.0182230238291306 0.0124296984263192 0.0869662925251336 0.0358875106330538 0.0230701124546866 0.0192984086763866 0.0919892833480372 0.134791703585385 0.0632794968005512 0.022311683261269 0.0753941796150973 1 1 1 0 1.66291739512235 0.962947000050917 0.330298802815378 0.447246250230819 250
0.0154305973051207 0.0106937211585076 0.00494733532941925 0.0339947872066887 0.0170794073891586 0.00980123532104735 0.00450108977356497 0.0384601287883318 0.140573029812676 0.0558058882405644 0.00658809109577901 0.0913212023348529 1 1 1 1 1.78813740937039 0.91307457559742 0.101012578234076 0.487633841345087 251
0.00837466028359501 0.0115435260062118 0.00827056299707249 0.00636321501983363 0.0123086994797765 0.0145658338599596 0.011320478158645 0.012745623741336 0.0999844678863107 0.0334882395577559 0.0108121655422933 0.0718281215505381 1 1 1 1 1.92218704707921 0.935765326721594 0.281254440546036 0.573805344756693 252
0.00608088571087685 0.00362795645600601 0.000911438118669862 0.0194910276497225 0.00500766039328631 0.00385307961334806 0.00223867636308621 0.0223678624194508 0.0300842699914574 0.0147383242680746 0.00570459285641423 0.014073695449669 1 1 1 1 1.2400305615738 0.409042612183839 0.151793584693223 0.216700365999714 253
0.000775450145044735 0.000598418203449209 0.00134158524415316 0.000389397257486099 5.07499325963746e-05 0.000507656718156101 0.000858926088204881 0.000670682718348664 0.0419634044524368 0.0274155233341109 0.00651824655790889 0.0162783785764634 1 1 1 1 1.63544499548152 0.902533745625988 0.199883616063744 0.24738468718715 254
0.0164737693532349 0.0127113227582316 0.0160921149787463 0.0422261248638822 0.0179172742527195 0.015985608773786 0.0152702507664699 0.0419118031521969 0.113267084305031 0.0590997440298455 0.00592283041926485 0.0565514728354494 1 1 1 1 1.61720623308793 0.955123517196625 0.0827891586814076 0.368115686113015 255
0.462833410696279 2.15072186478246 2.5336621117529 0.240855387071669 0.497146670660471 2.29975338182546 2.87999271424984 0.158675494288153 0.3438038108653 0.409567819476448 0.144247475391398 0.193749019120548 0 0 0 1 0.521806317381561 0.144237740896642 0.0417226436547935 0.395344225689769 256
0.329843383246647 0.162096568563323 0.160557228096945 2.04080860641165 0.406763132577749 0.173321053155861 0.163520874204393 3.35756852874136 0.30405684878857 0.116753210709707 0.0452700086583695 0.263894314350061 0 0 0 0 0.711853267624974 0.507010634988546 0.182860912987962 0.0638208058662713 257
0.00201098820631717 0.00133457385231201 0.00481073401166472 0.00159841628029305 0.00201698287434306 0.00126305124065406 0.00464489613189342 0.000770388121518833 0.0112334261563649 0.00901203984731958 0.0019672882805734 0.000824161405963933 1 1 1 1 1.19542298233137 0.573836805298924 0.116344299167395 0.0366433025337756 258
0.0894008727382664 0.0188679968299351 0.0186368819500121 0.218206703100847 0.0771127683511611 0.014315769888297 0.0156919761241769 0.203249102931583 0.267807543870373 0.0404461222258572 0.0156066911528182 0.239442424319346 1 1 1 0 1.6240174616687 0.764604459283873 0.288131225388497 0.577654595021158 259
0.0243328664452763 0.0110077906350769 0.00918388512573533 0.0761686470523766 0.00782357169513051 0.0162795817527368 0.0145959275266339 0.0495548156427037 0.25279779178665 0.0507287566056216 0.0187816184038764 0.217568388454345 1 1 1 1 1.74992245435715 0.876158735016361 0.303989207837731 0.66394605813548 260
0.123290115860429 0.113626019698775 0.113635344944676 0.330452326095182 0.147252879962764 0.114911326027304 0.114294413112677 0.461943342991999 0.359421930897577 0.189790086819022 0.0423369856477061 0.17025841261493 1 1 1 1 1.09740935033187 0.674409237923101 0.146177053451538 0.198490926064551 286
0.0257955000167887 0.00124714390022437 0.0720943247409708 0.185886115640811 0.0256051630178873 0.0232031060633787 0.0296705074327565 0.278746937261968 0.343325202607714 0.338833225732207 0.0650295194119569 0.199896258337426 1 1 1 1 1.01288904296234 0.701592317782342 0.0711556035093963 0.25541067821905 287
0.00683168748871055 0.0127577087938085 0.0226457791339459 0.0123729488901897 0.00848121826726252 0.0137198008164877 0.0173982760747384 0.00925772264897536 0.259086232817133 0.0225206899180941 0.00342865099957132 0.277011708634106 1 1 1 1 1.30254008900374 0.46176690608263 0.0307150722946972 0.641942415386438 288
0.00156990268317382 0.00120402056572409 0.00689926077301184 0.00419174485878269 0.00131120785964459 0.000906231198244379 0.00676452466925651 0.00547471856562527 0.0210484750221716 0.00844308351090706 0.000697018957012314 0.0160459486034515 1 1 1 1 1.37864496512339 0.550236404407769 0.0212335863616318 0.35385733935982 289
0.0130876522507347 0.0112241723584259 0.0117986426643987 0.0347374524320287 0.0184370443085171 0.0159383442269461 0.0142811038122403 0.0347029636952125 0.190516620935139 0.0590779801551709 0.0112175593148904 0.138817318099847 1 1 1 1 1.83507038280368 0.910882190335542 0.160580255556852 0.582459849771112 290
0.000315306661180339 0.000153168550160888 0.00153951231873257 0.000613213587093016 0.000138049160149222 0.000155781799197313 0.00147303556769349 0.000564762691508252 0.00676719158100814 0.000715547745631762 0.00015654612152341 0.000609420020985074 1 1 1 1 1.41005909396335 0.244683145079762 0.0340878223069012 0.168682067422196 291
0.00471423137879081 0.00158147161230553 0.000160417122107211 0.00125317507125339 0.00477832979165501 0.00170297126153338 0.000189367375270776 0.00135499620012158 0.0179912473466632 0.00150324751066866 0.000642915916302056 0.000137043703652768 1 1 1 1 1.57352373283356 0.280302762752399 0.102956929709762 0.0256734718568623 292
0.197709060090893 0.0433632531678724 0.0666414598782238 0.302265006701474 0.193147986605487 0.0654487636427458 0.0620043281180127 0.287663733406207 0.366950836733277 0.314664948816016 0.0981463609836286 0.356240375536709 0 1 1 0 1.58305845782161 0.7338429200463 0.200736505445093 0.791931932559237 293
0.103715135172931 0.086749665337312 0.0912775608221854 0.236936424722995 0.114185874513728 0.0840063765198185 0.0824683736208 0.279398218999744 0.26458681288806 0.116049828852041 0.0137312456455686 0.161116493479738 0 0 0 0 1.38606266444549 0.802799242548645 0.0877237906679511 0.320161047624424 294
0.176867481909381 0.0378612471899657 1.18523177980109 1.30406161620663 0.226413132866931 0.00483998687209566 1.42927976395417 1.66729712979448 0.483933105193005 0.217138716586611 0.028815268399553 0.359500284727779 1 1 0 0 0.920055143535137 0.606300436891615 0.0130039346404374 0.13817943376489 295
0.0196092091198413 0.0206134557421306 0.0186066629921101 0.0285402708580575 0.0275095086814401 0.0253256209863861 0.0239639788434092 0.0356701265352894 0.238295365600028 0.0501879221108017 0.0101996832729652 0.183498126654075 1 1 1 1 1.79070469737053 0.89083138667047 0.162868660409003 0.670584966195747 296
0.0830040172946931 0.125401115122007 0.416930177544277 0.420406134082295 0.0742544627949532 0.124263283256281 0.559950709861884 1.49226104734457 0.319242712429193 0.27595868528703 0.0622919039455845 0.11443285961343 1 1 1 1 0.964187714736909 0.769710404565558 0.0440899557434022 0.0390170158352703 297
0.181078116229762 0.0212975312962031 0.0132632891398268 1.51802104801891 0.396830721847814 0.000497085390152919 0.00759113940671957 3.225377092216 0.357810041959267 0.0639575627213829 0.0309907668183138 0.344332929148356 1 1 1 0 0.503987782634795 0.297510974574834 0.109791579656303 0.0641074627637863 298
0.0292687867840512 0.0275519959588461 0.0301262992580786 0.0631960543764859 0.0325960657420351 0.0309525785927743 0.0334580127892626 0.0644024344033467 0.118706743467277 0.0663663956731775 0.0224127378003532 0.0577798860395558 1 1 1 1 1.71992877870798 0.962288394104689 0.323554534465075 0.362579485634342 299
0.170407252070784 0.0608605863185599 0.0607089842301365 0.656101795719725 0.248268772896637 0.0551448972700205 0.0561816846272122 0.999653438672272 0.497746209863563 0.0311973317171642 0.0121686683142544 0.544143357192018 0 0 0 0 1.11324390536174 0.352434324100614 0.130861902842298 0.289780315943062 300
