"V1" "V2" "V3" "V4" "V5" "V6" "V7" "V8" "V9" "V10" "V11" "V12" "V13" "V14" "V15" "V16" "V17" "V18" "V19" "V20" "V21"
0.0395270485016798 0.00137723149310199 0.000752841046132281 0.085804300906288 0.0433655980084063 0.000882005351916194 0.00276023996073549 0.0948514052216794 0.165006213986066 0.00699916326389244 0.00749773914023658 0.172135623834541 1 1 1 1 1.14665266964585 0.309101206250489 0.132272714981809 0.566016362980008 1
0.00665330632628086 0.00178648222396852 0.0173545860771016 0.0226132198512661 0.00578880323926708 0.00184079399722836 0.00652113858425339 0.0386685270587149 0.0207981010936198 0.00831854446500324 0.00370128793357754 0.0136073786441692 1 1 1 1 1.0039397617802 0.326628328999504 0.0247715967707336 0.162711632670835 2
0.293416367976603 0.0613191162278718 0.0908546614614154 12.5400076801318 0.290439362540715 0.0928030346506743 0.158114215900376 17.1194039988331 0.525335084692664 0.162803163523977 0.21223901559579 0.346125391860872 0 1 1 0 1.54005571315065 0.942784613231197 0.36185066960752 0.0127429524436593 3
0.0061419412443222 0.00136199062195905 0.00657771717651227 0.0189051176156589 0.00858083456923541 0.00117256340906021 0.000363944417085108 0.0766017928410279 0.0278570329546912 0.0153763023708863 0.00510651145234338 0.0249034337639259 1 1 1 1 0.701285149902105 0.456748500000685 0.0254929212387651 0.0783239570446312 4
0.0341801437384308 0.00837392503166358 0.0190296911732026 0.0657805769012377 0.0474296431697516 0.011036919596465 0.0203940148672549 0.0936559607084553 0.137828777834774 0.00971896205017392 0.00218603205408922 0.143630379410556 1 1 1 1 1.33121683495119 0.304883275413886 0.0177239710465074 0.692625114694238 5
0.101391202569025 0.00158999480910261 0.00794064950001125 0.201916091271312 0.0928519186927498 0.00234759913190204 0.010121080120819 0.186339647214943 0.21403659570935 0.0148640690113885 0.0136668078154727 0.209749466195444 0 1 1 0 1.79029444232583 0.684289930388331 0.149843604303896 0.869767326395959 6
0.0686360145499395 0.00393485556556396 0.0756726033406478 0.125601762701851 0.0538710392669512 0.0039573176954835 0.085190800929972 0.082885111746833 0.195767139545775 0.0234134187241841 0.0156985751379339 0.193484357787994 1 1 1 1 1.14349149307236 0.536283893976361 0.0915618345607072 0.524219667539001 7
0.10189291291665 0.00282469660154391 0.00240111487616963 0.246883953710731 0.0911567795818553 0.00482293363900667 0.00136391341786943 0.216923859794028 0.122476575846515 0.0151234344473189 0.0143816568649528 0.118222266900108 0 1 1 0 1.56050599738955 0.637203397462144 0.233300005318597 0.668867945903912 8
0.0168809727977542 0.00475872617024535 0.00895771627776323 0.0186644598913851 0.0365374025451113 0.00470633825316135 0.0153815720821475 0.0790344415804298 0.0885731481674326 0.00578426074768584 0.00460163073961538 0.112621701411469 1 1 1 1 1.07441852940246 0.26117097097449 0.0339893251657486 0.349979129619896 9
0.052553510004487 0.00151196648350732 0.00476606304065751 0.144569753607418 0.054564632634052 0.00253930328349429 0.00119331273669629 0.147792128142204 0.112682375714148 0.00380101569607888 0.00283454614918908 0.117927063886994 0 1 1 1 1.06817620107904 0.28374484134838 0.0390948338899761 0.405133123509586 10
0.0175804933204549 0.0186912146680694 0.138649224082312 0.114386908932634 0.0230631261182602 0.0168200959379371 0.160864669843656 0.136190009922959 0.0524829433201869 0.0436872401737179 0.0248288402701139 0.0254962093503579 1 1 1 1 0.513322463724762 0.415628093760461 0.0779313575476408 0.0305227264761925 11
0.0108021846928866 0.000209476725417458 0.00416162793180737 0.0247217179605727 0.0222271395991742 0.000162764533022129 0.00399821483269061 0.0560238890633895 0.117049944493696 0.00416395774962153 0.00464095419088535 0.12335955089761 1 1 1 1 1.25396963302046 0.259086672216654 0.0873338542878628 0.453100867336616 12
0.00074166718159141 0.000791695173645988 0.00294655130420495 0.0416178292463596 0.000680982097562146 0.000685640295078718 0.00748877914837442 0.0353766816808046 0.0351597402291057 0.0128126065215293 0.00826412842390289 0.0318949101286459 1 1 1 1 1.28867208724841 0.56205772398971 0.0713672018609941 0.313750441418961 13
0.176909141579315 0.00134138837210966 0.00666355438642425 0.37363361311394 0.163207944359039 0.00077240973921267 0.0111688388313575 0.348526032620145 0.1516386151101 0.0108137705694806 0.0096799968510263 0.154833330977517 0 1 1 0 1.99554483033717 0.776968540856615 0.201026257826015 0.966969619970769 14
0.0241845661933063 0.00223263799791389 0.000294996710921544 0.0483214175983057 0.0340510303017372 0.0023596811557919 0.000332123900643548 0.0779884204270231 0.222502780291463 0.00774506885107262 0.00827509720876055 0.228105000932633 1 1 1 1 1.45113623607904 0.517861147643998 0.144224777352065 0.605628827819601 15
0.153898815008868 0.000606157447844462 0.0153317337304487 0.362915225900721 0.146209064690543 0.000177603620115717 0.0245852832286417 0.347071078464522 0.234428530812357 0.0239824987137676 0.0256869558601089 0.233921443877645 0 1 1 0 1.77554774377495 0.910309325205162 0.332796147791669 0.74725797213614 16
0.110514000204574 0.000302910111573655 0.00193392328505606 0.229800680012801 0.105977549656315 0.000142116615767479 0.00394121912384852 0.220403741750907 0.186016025007649 0.00970869204236657 0.00744678911793907 0.190204369678312 0 1 1 0 1.99290022393689 0.811510586645454 0.0934409152250737 0.969843920785934 17
0.00819603982035374 0.00162250698333253 0.00858279967520271 0.0585029398506941 0.00118774280822818 0.00307002503257027 0.0119953608269469 0.0434398825382012 0.0684274231903443 0.015320100978925 0.0129845668348665 0.0628033521855363 1 1 1 1 1.12181222438812 0.652303830254823 0.215611922554672 0.297541262814775 18
0.00339886478224132 0.0039286012048081 0.00251874772804208 0.00234342057127769 0.0145188895466466 0.00474701399343742 0.00309789957543145 0.0529871562574687 0.131009166469922 0.0127579180142593 0.0124932453275349 0.131838957151105 1 1 1 1 1.39790877746418 0.711442576022819 0.272970167221501 0.492779911495745 19
0.340901911501338 0.104910735630959 0.246630000352729 0.0218881137451664 0.371340891244635 0.1290403451057 0.168038007593478 0.107690344215787 0.414688778109474 0.170326716899488 0.191162115128066 0.333961765020505 0 0 1 1 1.49513221206143 0.969297251896933 0.276013411115855 0.208839517552406 20
0.0240935680957716 0.00271066580808698 0.00973635357562212 0.113209319406805 0.0184211489339456 0.00319876694613769 0.00591445618253122 0.0918945222120656 0.0472381616447777 0.0119474117897372 0.00820776614405287 0.0475129468304238 1 1 1 0 1.05361191835254 0.57580360583961 0.0995876919478178 0.290397075936198 21
0.00179816360468113 0.000578868857542081 0.0152953643523236 0.0413934595106435 0.00137226513740082 0.00187843048873209 0.0171108315580771 0.0383684240798992 0.0132844808776926 0.00640152528741705 0.00319785910820487 0.0128818050093141 1 1 1 0 0.954917162191123 0.356173918116838 0.0360350233968347 0.189678232418373 22
0.143454806121013 0.000636484667823803 0.0061988189626726 0.321807344167885 0.135554966307972 0.000254818458197981 0.0039446707780862 0.304700817122895 0.204398453672458 0.0183203509319724 0.0157037892339362 0.205243931471385 0 1 1 0 1.90559195447713 0.899211432784796 0.296899850713089 0.858766416320577 23
0.0253340747773152 0.0316693038462197 0.0352678405336661 0.0342408504567562 0.0283690111265958 0.0320016477259936 0.0393632973066802 0.0386281755694101 0.287534410974017 0.0251355174770415 0.025291632221317 0.298637934783466 1 1 1 1 1.44636415783316 0.339705681428313 0.107949075521901 0.65327877108939 24
0.012780693269773 0.00479284803457873 0.000695443838970917 0.00309711983899168 0.023528139168571 0.00550363649848762 0.00668837408153228 0.0383220171387056 0.239479254650204 0.0165557845663004 0.0165547839251906 0.24601822208876 1 1 1 1 1.32452690880746 0.388966808328405 0.108819713583216 0.56022155075334 25
0.0802103559804323 0.000477988699888627 0.0130575509727219 0.193700444181266 0.0622700670403897 0.000927986513344422 0.0199824005341192 0.149735445587101 0.175696855048432 0.00916687851993325 0.0055785795042485 0.181282404348601 0 1 1 0 1.62347775837407 0.581902888603508 0.0563015448860824 0.706641011638567 26
0.360577890717527 0.0103171501624679 0.141013746782808 0.29183573048212 0.39002215341695 0.0189868337679719 0.163272019485226 0.258245707425155 0.610656115435385 0.205404319301967 0.222345037685572 0.602681170390424 0 1 1 1 1.53594088042155 0.81922329030931 0.305421998491511 0.338864039396867 27
0.0319359877648321 0.0143797485274353 0.0636201750626606 0.137648889007155 0.0328499132467079 0.0158922043643126 0.0996774215209077 0.0911651444901186 0.0752607416968742 0.0673625782930406 0.0666022223631131 0.0253955550438093 0 1 1 1 1.15449209976941 0.887741309823468 0.262252214364707 0.0839636714663357 28
0.0233493074813553 0.0544377360804366 0.0631875714882779 0.0689682996049198 0.0301054575155257 0.0532623635833276 0.0784473071588202 0.0321499675971484 0.273240425061434 0.0898225941318311 0.0565964399750901 0.273258089858232 1 1 1 1 1.33023223374039 0.746596497716382 0.208682954544201 0.583391360472888 29
0.00140977367905292 0.00218217248242171 0.0124703440469339 0.024488855494341 0.00909071484384906 0.00204975644862538 0.0112393400227105 0.055675658100503 0.12678685286385 0.0327735658162134 0.0263375900420053 0.112838448417426 1 1 1 1 1.33386314334348 0.872996591031551 0.203180402750149 0.30182553594932 30
0.15678818490618 0.020912539736816 0.203084716486443 0.653823922400536 0.123411591839474 0.0298695891309825 0.23788850810554 0.532625189164387 0.110798945548289 0.0627955077795228 0.0410232550616468 0.0653484401612945 0 1 1 0 0.688756848219782 0.274017054587603 0.0872250210959464 0.193582792533562 31
0.00561793996392872 0.000253341324161808 0.00629665016666448 0.043856058594763 0.00359027527952534 0.00170125334839546 0.0112351084682533 0.0327220834995912 0.0537907762873215 0.0250496603455866 0.0185028204764204 0.0413027708639754 1 1 1 1 1.29387468472123 0.575448069022968 0.175699963932857 0.262439309619367 32
0.334886028966529 0.0101968728180606 3.5697148014231 0.422512138622474 0.369520013213107 0.0164821345892084 6.06178836484783 0.30693699036065 0.653011136636721 0.201975937794896 0.0981039579173024 0.613920757306486 0 1 0 1 1.75933794490993 0.813062491128221 0.0136818464379758 0.553855386795476 33
0.0226841411497094 0.000604793482818124 0.00427531023413559 0.0789225939604154 0.0023962104018695 0.0013427721746337 0.0039692994952262 0.00779988687073632 0.18071466005352 0.0296102423658106 0.0267475382515815 0.170856144228616 1 1 1 1 1.16705680824816 0.476208231644705 0.181993168545887 0.41035085869953 34
0.0019370058243203 0.00332588927261059 0.0112209488731431 0.0411353882000618 0.00225167636523092 0.00639875763974429 0.0100390729350691 0.0394058262750534 0.0501606519722806 0.0336003492360128 0.0119513308428717 0.0226453901761531 1 1 1 1 1.17711958056316 0.644914431497455 0.0495403523091227 0.143317127134651 35
0.149451225798815 0.00550034718031924 0.0018161216438793 0.376484186209476 0.13141981577973 0.00794085229857739 0.00480590072746218 0.318446977138709 0.288832343609547 0.0641812363126494 0.0460906521583096 0.268522392610788 0 1 1 0 1.68119246279821 0.769982621539384 0.222718141041696 0.688786606071517 36
0.0215026332290779 0.0139568819722684 0.00399670233861535 0.0177392729418523 0.00757279220880187 0.015842591651822 0.00345270361907503 0.0153543567832469 0.249805712925814 0.0216012820216176 0.0204786314686149 0.25607236308942 1 1 1 1 1.64126262674108 0.619784055510536 0.251746017718688 0.749476840021089 37
8.72208678483391e-05 0.00213393841058175 0.0369519943977545 0.0137645455560419 0.00111093932385847 0.000109791636009087 0.0351370404185829 0.00523400985501504 0.0340017739795608 0.0159964759955433 0.00244286408242992 0.0290553945335283 1 1 1 1 0.992088751867414 0.57340398314409 0.0101286671124399 0.198892145883292 38
0.129178660796746 0.00382546407320927 0.00338992603290546 0.287598990705363 0.113572759577212 0.00570949560759845 0.0051298212719712 0.2565990345796 0.220667695295037 0.00730091217430484 0.0093576904913589 0.243160862121855 0 1 1 0 1.76681672409177 0.479268473107368 0.193412908585742 0.854545774869621 39
0.00878262328521092 0.000406677126477289 0.000978675347071319 0.0165125317193071 0.00251695233798385 0.00141772186336437 0.000132766601917544 0.00912427596696509 0.146965408774611 0.0103798630944985 0.00884136063473927 0.144434540103193 1 1 1 1 1.54564368957654 0.386336194816977 0.126319787232205 0.807476628338918 40
0.0323335593613679 0.00066493972485493 0.0149059087032496 0.0899586858779149 0.0149333826834094 0.00147972867386045 0.0197657931368188 0.0439196210090058 0.199538321621013 0.0195662881180231 0.00579855968897808 0.197198663406327 1 1 1 1 1.59618093259633 0.745609080651775 0.0292485177051276 0.627908543683589 41
0.00989472292129046 0.0013305145093828 0.000578128037790918 0.0514566651146169 0.0092492826639767 0.00324661957272695 0.000518909560664972 0.0438056966264726 0.0583905916931333 0.0174889670204657 0.0136087967782002 0.0543612769024397 1 1 1 1 1.80037733260542 0.866887699812651 0.227296380093321 0.50001604296267 42
0.0347879253467707 0.00735055017098008 0.010986653796633 0.102130461090439 0.0159713871212323 0.00821928763009971 0.0119254925117885 0.0207751641748002 0.0895589133633973 0.0171669759045879 0.0135066925648247 0.0898463357729632 1 1 1 1 0.917455810587853 0.568465084536001 0.130019178846851 0.214686037972569 43
0.0316228766531654 0.00694808602278966 0.0224197192257839 0.178766429692269 0.0110897192826077 0.0109030301134291 0.031337562487099 0.111510938364945 0.15371777815607 0.0339672550683462 0.0304807444614869 0.135906149045443 1 1 1 1 1.42569329869002 0.609800279606134 0.20088469539769 0.445968879153952 44
0.0570741992657325 0.0172373272314523 0.00433761834379924 0.112703795760408 0.074272853487959 0.020675024598339 0.00432854120977673 0.146776257015698 0.182450954348187 0.0149634436033318 0.0105590367321034 0.196350568113943 0 1 1 0 1.65019747801125 0.363643967080861 0.119411256629974 0.937808546470478 45
0.0924812691573959 0.00699465142149393 0.00335106857338883 0.226585881184016 0.0868676190851519 0.00983273956058876 0.0048750163523915 0.203506607587138 0.223609659076713 0.023809062663612 0.0135872011362448 0.211155110726284 0 1 1 0 1.78900625696406 0.717816187534481 0.0812688719015568 0.786931170150638 46
0.00626458017824835 0.0139137553046659 0.00563911102829484 0.0160463771099113 0.00930315508288703 0.017110528303135 0.0103259549310331 0.0239938880732411 0.218043698379411 0.0092011641354276 0.0036484830100736 0.215467686382947 1 1 1 1 1.42885018093511 0.269676957046613 0.0272253048606217 0.729943894781172 47
0.000793261932976232 0.000517717525203329 0.0135723931601557 0.00737413052628139 0.00189452783453987 0.000780764174935332 0.0154715772494143 0.0109735835496248 0.0291967374979858 0.00552945217360956 0.00448207793958619 0.0377102568333537 1 1 1 1 1.96896930364892 0.975077951094136 0.0839453472290188 0.565432354342192 48
0.271040427052638 0.457155375455666 0.486789487609229 3.3418027690628 0.3319104864805 0.609541831152702 0.692099085629988 6.84855468546497 0.940311887538169 0.259711027092049 0.0490172513412668 0.328700672266874 0 0 1 0 1.51161306584254 0.290656073018909 0.0330888901371509 0.0330038003157824 49
0.102961034036943 0.00221922441493654 0.0238456479270093 0.220738914359706 0.0915654511123067 0.00478993308404043 0.0301573894266893 0.1914328101276 0.204245175528696 0.0154765395219872 0.009212944786258 0.200811190121684 0 1 1 0 1.70857795840129 0.686871864832938 0.0787511875387281 0.805885064415634 50
0.188512037047121 0.0279814757571498 0.0567874120314294 0.425919161543459 0.182117766499858 0.0389457656157795 0.0819629379887406 0.410674856993499 0.353413589465713 0.0988730378312818 0.0648180904358326 0.363804810356111 0 1 1 0 1.75077651347965 0.786248719086871 0.175236573442817 0.887656368780881 51
0.108412087109787 0.00428131203652543 0.0026632444440422 0.222520784524235 0.0899923530464553 0.00562427856697741 0.00615218779561988 0.184248250951934 0.167885793848105 0.0130326174671063 0.0113029097203415 0.165264873504913 0 1 1 0 1.4147145729512 0.573537597432733 0.20333709823899 0.659218210494146 52
0.00554315493168415 0.000766860222144692 0.00342192531692353 0.0142205707169917 0.0291029637421273 7.09962892198187e-05 0.00418780350596918 0.0758837273049061 0.059055188295021 0.0105054946008106 0.00749061246724361 0.0648099323504717 1 1 1 1 1.08593318285421 0.375244610244408 0.0723631745204329 0.329942008014768 53
0.207757371411636 0.0233337046592248 0.0470021995826754 0.5546679547961 0.195810761573453 0.0361142914234392 0.0605859333140637 0.521367482845879 0.269907028929215 0.107510255883688 0.0995468522947224 0.224810555562844 0 1 1 0 1.74631665181369 0.868610889883712 0.36691697104834 0.628229703987017 54
0.00612942047038857 0.000896936386469417 0.00760788626341097 0.026968388936425 0.00621694522493367 0.0015677132196161 0.00498742289222697 0.0245458594764046 0.0209414077786783 0.0139656068858042 0.0102495168406388 0.00999748587471821 1 1 1 1 1.39903084049001 0.873160670045763 0.142407559324056 0.148372888099402 55
0.246661195213939 0.00801932376038839 0.0193304245875867 0.405330563934004 0.232870625359951 0.0125521623122238 0.026016898313133 0.376526682389667 0.253734661548318 0.0201148837877476 0.0155971064252852 0.261494812287797 0 1 1 0 1.17869538674131 0.318340430734679 0.144795483443886 0.747729661874473 61
0.00179515293053138 0.000516020282470337 0.00112739331366149 0.0404920909848849 0.00191710504649362 0.000542400528099012 0.00229023167935513 0.0418942067256225 0.0172942105102742 0.00936568580638297 0.00724709654449346 0.0114823328989897 1 1 1 0 1.64083431707695 0.948316963855177 0.198992298683152 0.20256760623306 62
0.0468389171610484 0.000781256043173449 0.00636267277167598 0.0908187740580936 0.0407352584249535 0.000573834062802935 0.00840374873031874 0.0781610192546725 0.119871574335092 0.00546269175652914 0.00537706560758242 0.119326809608895 0 1 1 1 1.47708100220188 0.304484145017341 0.117663246812299 0.675865403143689 63
0.00015896932997729 0.00113031387921088 0.00722320076511454 0.00131720006259777 0.0118249461460963 0.000763121748831962 0.00888454606212475 0.0342008698926429 0.0989181367111833 0.00869903138745493 0.00901896973574193 0.107650953900864 1 1 1 1 1.43330241367221 0.469880353892222 0.180123190395534 0.490995169617236 64
0.393784573382613 0.0616374347031692 0.0210911879699432 0.678142850693974 0.332578648422443 0.0732691110700392 0.0427067947902307 0.569550865950981 0.2619377571922 0.0219230037461932 0.00915727915387167 0.249073336850309 0 0 1 0 1.16290254564956 0.183706197654828 0.0405289616901428 0.704619693337008 65
0.0083199692926516 6.66298029980711e-05 0.00601634239340935 0.0184016941076094 0.00885074207231554 0.000152922593201142 0.00741463884858562 0.0130676184308159 0.0185684447171646 0.00596068910873027 0.00559105039622806 0.0132541939478953 0 1 1 1 1.27151663508266 0.338516823248938 0.14444093266502 0.247696628328413 76
0.00364928417285781 0.00278080480780395 0.00119899683626745 0.0504881516485269 0.00347458330917108 0.00246974367674153 0.00239574179231823 0.0475972415587517 0.0230650196873416 0.0103830544329215 0.0111562133820916 0.0165559970784401 1 1 1 0 1.07897741766647 0.68392857327126 0.267426738515496 0.201299786102027 77
0.0859628990083347 7.16904461543498e-05 0.0090313133897979 0.19443577764298 0.0697342843482312 0.000306890631389405 0.00717664024895784 0.163150440651257 0.261440250548097 0.0251957613408496 0.0248692892317259 0.255267322165785 1 1 1 1 1.60210255673155 0.830231344792992 0.367578281089664 0.664878014242277 78
0.00268481016513468 0.000194071337336761 0.000791680619668538 0.000144477024839802 0.00407909054357252 0.000425143235937932 0.00534205827595418 0.00967674800674429 0.0448435815277803 0.0132953277286993 0.00554783996615272 0.0366286928291286 1 1 1 1 1.4811228341423 0.933115994557738 0.0391989876516163 0.317262266762555 79
0.00679900201624215 0.00499179239919908 0.000529623265059155 0.00499522294068512 0.00839571205602482 0.00646106862134604 0.000771195792834814 0.000212224811559423 0.0382105892242952 0.0218593103281354 0.0199447978458472 0.0284163800886864 1 1 1 1 1.1059691645205 0.764175681630149 0.323051849845797 0.158664148533717 80
0.00742365287635384 0.00809447943613906 0.0555684836692503 0.0844700037091623 0.0118409504661816 0.0138810536628658 0.0511537817664912 0.0721721440606681 0.0474071530701399 0.035207833738473 0.0172667760076826 0.0181146355999946 1 1 1 1 1.27792575443164 0.966991814319044 0.0654663851018995 0.101655689999461 81
0.0170654115537424 0.0069723386701458 0.0154651096969058 0.0197644709808766 0.0133727333689915 0.0103040994010147 0.0209622142924596 0.00235537519546918 0.16638968463382 0.0215209318175531 0.0170632983023054 0.162620757984473 1 1 1 1 1.77187600219622 0.980679680593312 0.134610302280635 0.602341853315011 82
0.0860174674374467 0.00371321919026994 0.0169032790708755 0.313736779750912 0.104618153382922 0.00438487688061553 0.0172837052009882 0.34132609962949 0.202695196889946 0.00356018067576688 0.00129317805687724 0.210555389279296 0 1 1 0 1.19855506764725 0.246586051536724 0.0100741644855589 0.383762477431446 83
0.0708276093753072 0.000214253233390124 0.0199273077780714 0.157563069591339 0.066501205866482 0.000416710929288895 0.0199811066721633 0.147303279348098 0.120346393221349 0.00575080101418407 0.00375749236259815 0.128120214598563 0 1 1 0 1.09902399824932 0.273382934974506 0.0293370082508773 0.509707205928862 84
0.00610678187748956 0.0285463171862078 0.0251603295231985 0.214146958244703 0.0117421635595785 0.0280376437269419 0.0366114251782051 0.106185256975336 0.0676903320818758 0.0392197073877251 0.0319890202393376 0.0491052199674711 1 1 1 1 0.681999451015145 0.524251558119431 0.239508895669132 0.0809701525140554 85
0.0118290046923991 0.000812242892351124 0.0068179769903119 0.0346455008248133 0.0144456366497496 0.00139998236273754 0.0071181524971482 0.0334298728124783 0.030635302637287 0.00328041897247483 0.00141742019325987 0.005945469051581 0 1 1 0 1.42299400363117 0.259661698713899 0.0134647584054619 0.1624670852907 86
0.0442842828671189 0.00647184529153547 0.00289621327339539 0.26774001599065 0.0302813858342774 0.0038328103485627 0.0100888454238456 0.152363012869426 0.112520527314453 0.0459680207285875 0.0549543581461365 0.112081541440829 1 1 1 1 1.19886562693864 0.96049494901672 0.210728319361806 0.182071308372542 87
0.0151011983535805 0.013524332998406 0.0289095762482669 0.0414629474149716 0.0319721144550431 0.0211383164917857 0.0397852231212879 0.0763880830724522 0.180231250179831 0.0326682888623658 0.0212993340977325 0.184745624614915 1 1 1 1 1.56535166269168 0.524979378096759 0.118019520770758 0.90673198364675 88
0.158737831012951 0.0299711406579232 0.158391775702401 0.446067493990915 0.140254987434424 0.0364347185427715 0.181331528526481 0.379758769083979 0.177560718023764 0.065272211627556 0.0519507055211106 0.164932425961937 0 1 0 0 0.88625013269484 0.446366888703778 0.148047736380249 0.432289927499369 89
0.0184009550686349 0.00171323639181332 0.00316315163710313 0.060195864094723 0.0150068679378731 0.00259015091475655 0.00182303726718546 0.0479993444385764 0.112498939908295 0.0101310307903515 0.00916159677731571 0.116785121535717 1 1 1 1 1.86671740468591 0.753209598362446 0.167453079251572 0.704245692817494 90
0.00502304070790461 0.0042955274073909 0.00677767814331724 0.0463797907799746 0.00411712007313428 0.00592173370253926 0.0109363227652619 0.0481936690432123 0.0367631667331161 0.0213645348397653 0.0181856161705141 0.0141624318157778 1 1 1 0 1.65605641435832 0.964752489235252 0.225094461813569 0.180579631822184 91
0.00676450498500816 0.000617898647388525 0.0177769269391589 0.00172469520990053 0.0107939249587971 0.000693647634481876 0.0220594796930957 0.000666378831446728 0.0358948271074477 0.00618597010432093 0.00764190745054386 0.0029253360329187 1 1 1 1 1.59303466742858 0.269808508688584 0.10133135644719 0.0929480462800711 92
0.194904922166529 6.23036275256786e-05 0.0265642523746829 0.287840681227809 0.189448292086216 0.000881172020778895 0.0265008377103349 0.281196422122658 0.252224216365128 0.01737157614161 0.00515173983051079 0.247906318357779 0 1 1 0 1.28797213267535 0.3027829087805 0.0263984987977892 0.900887617375702 93
0.0150531839455173 0.0017970157707785 0.000991601124849078 0.0386371504332742 0.0072901181304559 0.00252376938924313 0.0034944130806689 0.027651539628291 0.193882493515236 0.00611277535442928 0.00735452671684465 0.20185606274784 1 1 1 1 1.56368562486023 0.402162624290213 0.120756253134459 0.675922867609188 94
0.17927199571331 0.000137705212575721 0.056683838231213 0.298916703051704 0.166342411915284 0.00200356114901368 0.0504855732803361 0.276614292429728 0.214716156105845 0.0148938092430038 0.00370439874628906 0.216335428720973 0 1 1 0 1.28920260863379 0.365261931205168 0.0161844259127975 0.740825419314206 95
0.0255536966574928 0.00231709146319958 0.0109759302900494 0.0614884344302175 0.00723284638181359 0.00266337188256295 0.0112140049204568 0.016963897866831 0.191663897278386 0.0168205820584714 0.00971598003472614 0.200074309468869 1 1 1 1 1.02984096249565 0.378520963713527 0.0850180946290493 0.509817961137742 96
0.543535299270454 0.350241994203821 0.491144468517733 0.779408019024696 0.515588608301516 0.344004861192269 0.808266462603052 0.671864136560487 0.599685219920812 0.30491863013446 0.10977236399956 0.329452766008175 0 0 1 0 1.80826173443347 0.45680502965115 0.0636956105008721 0.890211947029456 97
0.00165899127034398 0.000130145039172159 0.000450507175500455 0.0115787344605449 0.00426861773267807 5.27091077633879e-05 3.52675479463105e-05 0.00274051476664365 0.0455867862751831 0.00883922489047695 0.00690146586622752 0.0441772208290071 1 1 1 1 1.46824479103088 0.648094429867342 0.120551144005731 0.435484500369057 98
0.0939079316571867 0.0324133809250248 0.0442555276906978 0.376088831880616 0.0923267493750466 0.0453277925886575 0.0684544233315125 0.339844955498012 0.118310837356637 0.0620185261785424 0.041073888290767 0.0738730687304735 0 0 1 0 1.47360026603565 0.987892950186506 0.103742103092372 0.241834082407877 99
0.0411225349588168 0.00123181877794594 0.0195659521467047 0.229341349416148 0.0215473481738732 0.000571675768371853 0.011755465758883 0.122439766657428 0.114949257056735 0.0349720279941398 0.0187250607230798 0.108446719466811 1 1 1 1 1.15167446900159 0.823573026806116 0.0906598328147084 0.205427017761394 100
0.151863488281828 0.0203541692569074 0.0218582745175099 0.385298142118682 0.133954025016664 0.0297400802788792 0.0338564800255969 0.349630679523538 0.266123145715746 0.0596694410326629 0.035046156298713 0.274084523897149 0 1 1 0 1.52716022077948 0.737695465795696 0.163626953260973 0.696092047262937 101
0.0130646248133855 0.00475538325891536 0.00922410860259164 0.0676746881376042 0.012339155061771 0.00784319354311311 0.0131652944324201 0.0581835981464833 0.0538011662439588 0.0174225107873396 0.0208655808286434 0.0482498239815817 1 1 1 0 1.63577365968376 0.986487993504852 0.383424478117377 0.388243217486888 102
0.000876151954183943 0.00124080750133423 0.0157747912273176 0.000555275692117121 0.00468594189722442 0.00102207503525469 0.0219305013306233 0.0242403694752254 0.0780416190353104 0.0189381194718629 0.0152752077515079 0.0691554800238727 1 1 1 1 1.46793189179152 0.842703562229872 0.161054811673239 0.388288215966895 103
0.0879470150990509 0.00209080398836798 0.0054693884957303 0.22201533072691 0.0763187286609945 0.0010393604870157 0.00632733667480707 0.194482023104803 0.175048629229804 0.0167423603054528 0.0154199993287403 0.175969709290006 0 1 1 0 1.83091538213193 0.862672008341178 0.3240014645271 0.786945214029402 104
0.184812459026396 0.00195134884041527 0.0605639904285711 0.45144929204645 0.157858001530323 0.0018574556157903 0.0647424219346364 0.384231659678673 0.242711388512469 0.023323487988289 0.0161992309940981 0.242314748573127 0 1 1 0 1.39914635382593 0.708692834945396 0.0941834254190326 0.600150750251487 105
0.042308488316678 0.000952043433088653 0.00132202200308862 0.15900497299628 0.0246657642684554 0.000461836024593593 0.00536986192974349 0.0942986435937795 0.217219617750852 0.0530524554372047 0.0414753272201321 0.177035917280821 1 1 1 1 1.57524196291342 0.817474620649591 0.25572235416621 0.518341111019254 136
0.0688312500876958 0.00532574625511621 0.0136435578447036 0.195304009504643 0.0290096051827157 0.00465565178145494 0.007980630050734 0.0816764101503846 0.190299407262404 0.0250035280095219 0.0143891680991005 0.189756052335192 1 1 1 1 0.939082272816449 0.512905430281535 0.102034887066111 0.336192601360381 137
0.0552128801357379 0.00243831352926126 0.000824564687172178 0.134915411440623 0.045248217968626 0.00361512240055643 0.000475056823322847 0.110067270393359 0.138880603628263 0.00878316335726226 0.00880433173899467 0.140526158631131 0 1 1 0 1.74703015293926 0.655755027430132 0.244433786021546 0.735368025489151 138
0.0048059353786094 0.000979460806067834 5.52111259541124e-05 0.00540653381015132 0.00500640420668255 0.0011493072570424 8.99674922767333e-05 0.00623328087953817 0.0169910815334484 0.008617273541492 0.00732085622436815 0.00608496749527376 1 1 1 1 1.55536133330315 0.923002098221332 0.217502195155248 0.16478222515434 139
0.271151829027783 0.123008314658766 0.0572702768938147 1.08661825920328 0.310666213358921 0.150365207167505 0.093313318752682 1.61133847115505 0.51910782623738 0.192586969285693 0.242341028601824 0.415265992160428 0 0 1 1 1.53820656752214 0.965009984793141 0.374760367209092 0.106090806890279 140
0.0165759358366524 0.00159704388352075 0.0294337411840086 0.0279352710190529 0.0164447764522291 0.00249823421282753 0.0284797324665702 0.0322317062040286 0.0409829641644406 0.0284482988178256 0.022900749686858 0.00797323778569672 0 1 1 1 1.42434225184843 0.802161605563015 0.235966319683939 0.0890944460406899 141
0.00607756742919013 0.00952918403949923 0.0101144428088263 0.0700202230548053 0.0114257424797235 0.0101752882769451 0.0188014569991316 0.0908020003542412 0.0218289552315177 0.0060978039509294 0.00380730817673986 0.0232716974152522 1 1 1 0 0.840781179256737 0.232541934354231 0.0478695291094482 0.209006621036679 142
0.0046320352242388 0.000528028630272422 0.0127741581598405 0.0140444040491464 0.00490010620872444 0.00166981226714565 0.0179373370962247 0.0154095323087365 0.0132603299352316 0.00770417037011034 0.00790195961936924 0.00323594211203972 1 1 1 1 0.986797175835818 0.429446791298687 0.126605201978236 0.0880732778459787 143
0.00667881432924092 0.00159725732710913 0.0025110382145438 0.0252700257011807 0.00626232389293099 0.00154661900682631 0.00467850349450064 0.0231459538123137 0.0176908560925801 0.0102039870214617 0.00799470680489414 0.00579684939803279 0 1 1 0 1.39671241957694 0.801504180300981 0.154004799202085 0.132380713243037 144
0.0107226239611251 0.00212765216837237 0.000125428306028632 0.029957238274138 0.010123628837782 0.00252587679193985 0.00359557915690157 0.0292568140127934 0.0159647261880647 0.0100100866295491 0.00799803156385073 0.00667372981634082 0 1 1 0 1.26962660672143 0.704531797673553 0.138853709679097 0.145007730461657 145
0.126168766001749 0.000570452573467471 0.0302993837360083 0.525920685836748 0.103234821768996 0.00339759215759572 0.0279999986184959 0.432938038680983 0.187690882159134 0.0851136934126725 0.0570526771435273 0.12695464981011 0 1 1 0 1.064552038908 0.577023763908073 0.22346173110418 0.245023691095412 146
0.000458297912319368 0.000619216061862037 0.0112659646590516 0.00941872735148981 4.044880162606e-05 0.000891579218302255 0.00932642580356616 0.00967760375205662 0.0115434302315852 0.00689320803679705 0.00317560219168366 0.00530085337226968 1 1 1 1 0.750818411353976 0.406815295806155 0.0401492703240365 0.098647567210719 147
0.0928596928295135 0.00986540077266263 0.00124820651737511 0.362245503244137 0.0830155005472372 0.0149913032548423 0.0100136220051393 0.32547502327245 0.109864091616037 0.0301099012308013 0.0326617158407825 0.116471914432963 0 1 1 0 1.3584800651297 0.980644116410986 0.385580960428342 0.292845429154113 148
0.00968031381308651 0.000184467548643483 0.0118474500669042 0.0129200171739096 0.0114011132255623 0.00276624920381612 0.0157406861435994 0.0100965501565922 0.0305899643794532 0.00641413861183748 0.00708488131037835 0.00174952566046788 1 1 1 1 1.36884180223569 0.330096299760044 0.101329211844131 0.0603596139699221 149
0.0714314731171858 0.00339740565556633 0.0058404377861694 0.169360439536896 0.0623826582981618 0.00400600026888608 0.0107145559671367 0.150496091110136 0.149973820009241 0.00886883581152409 0.00648551969593775 0.15632472939309 0 1 1 0 1.86440014280379 0.651545585133135 0.0615028149913996 0.818934508832172 150
0.0104111791065258 0.00442622773122575 0.00793447762719821 0.0689071858242929 0.0170853453335653 0.00590769208179128 0.00627479234013377 0.0181688678278235 0.139967952733766 0.0185692830557758 0.0148611881117583 0.134962818692497 1 1 1 1 1.38163592340425 0.527611131314188 0.117403786629438 0.448260172270238 151
0.00836096973971197 0.000416748221921633 0.00582690945625267 0.0047343037384075 0.00925204611276938 0.000428117802448878 0.00483503092793594 0.00429527132990119 0.0191812102231306 0.00236296920694573 0.00151882373533364 0.000448922644307036 1 1 1 1 1.05775678157806 0.177588424412534 0.0177894132211804 0.0282952601555735 152
0.399826431614342 0.0411459933320188 0.0230819588785644 0.494351508258135 0.381689079292114 0.0506172178325294 0.0345740177688793 0.473023927147925 0.197677240778879 0.0251327999828277 0.00955889941168719 0.195130056389226 0 1 1 0 1.09359874390066 0.159678103169426 0.0296433439943939 0.889958090148866 153
0.0561135296905947 0.000819255645728696 0.000429860993457872 0.125185085666908 0.0586905127340851 0.0011000901502808 0.00168029637254286 0.127195339631017 0.229339799179223 0.0179362351758492 0.0188777240508215 0.231902682778869 1 1 1 1 1.77112595224753 0.694236997747794 0.23965665185824 0.834020861890167 154
0.00270996822714358 0.00351904457580346 0.00202194712246588 0.00770260727938511 0.00283092364395654 0.00413262324337181 0.000715138370097905 0.00982233513624699 0.0141455833344875 0.00711391563781238 0.00592802190291468 0.00566692047205378 1 1 1 1 1.06605137744918 0.522748469607905 0.107421365566552 0.127208366524428 155
0.41734829451992 0.610251812030008 1.79176153954917 7.48660898283414 0.274200463974636 0.721837466024943 2.09361877436015 11.0550515425286 0.762846361716013 0.270306287465 0.125146250490158 0.169620858381099 1 0 0 0 1.10832266695797 0.331950969062746 0.0503867527004331 0.0111957301851362 156
0.00407043924639749 0.00285622015800668 0.00547194069725854 0.0313179118924776 0.00451390979440411 0.00322525340242723 0.00562449553105652 0.028939765057134 0.0212291530622071 0.0101764876947367 0.00154191630796937 0.0162658859491565 1 1 1 1 1.07454392826185 0.687851474154741 0.0110839914996177 0.183898476185277 157
0.018740548643655 0.0128308975205351 0.0571655540676977 0.0860544846381597 0.00684711496570021 0.0126772666434446 0.068781487640946 0.0497010680854503 0.309680613455131 0.0737325896029195 0.0621388829632565 0.308975115637329 1 1 1 1 1.54691516468301 0.870410940377042 0.241996779805049 0.573902095435187 158
0.059389048538835 0.0041627518560698 0.0335299818290231 0.0899973651191323 0.0662953754355241 0.00748486126446537 0.0369547703258653 0.104153393332714 0.126742886435104 0.010852161165502 0.00447435905637246 0.132720611603771 0 1 1 0 1.50341752544045 0.364615353057161 0.0393503841478378 0.978834372479469 159
0.00125622009739043 0.00418891552577519 0.00632723707066081 0.0492404520886287 3.94048411051057e-05 0.00531699276615381 0.00540896422238794 0.0468116685666072 0.0216331881195078 0.0138020440927945 0.0123408448343997 0.00718210769488606 1 1 1 0 1.50929900864139 0.981956452596933 0.24175894097425 0.13243901450187 160
0.00913493611639165 0.0367715768991424 0.255750373376856 0.0528021135105086 0.0025971504360234 0.051116835164314 0.361595771091847 0.0672095113366429 0.224871226993623 0.1366728572792 0.083879405678123 0.183185154569429 1 1 1 1 1.0724984141998 0.895215108757839 0.0925290181767195 0.240422064904124 161
0.0259148037182763 0.000186945365545613 0.00220592060691992 0.108598172193794 0.0223990650762809 0.000314246794901854 0.00641814880271958 0.0951193303748685 0.0624635345542435 0.0106740860605897 0.00903676802356707 0.0616319786436714 0 1 1 0 1.48978677112609 0.734454407822341 0.196147711249068 0.474906536983326 162
0.0265241951008622 0.0122746145772176 0.0443139829901055 0.0178991002485814 0.0466574371870754 0.01544182524028 0.0482407800747078 0.0845803172718956 0.162888740836789 0.0297991589275585 0.0270006408680918 0.155545078663118 1 1 1 1 1.12406261730939 0.569637043168768 0.178870126837865 0.381576522486284 163
0.0866868126804162 0.00127493189440823 0.0079535792540233 0.260648723219701 0.122169033110985 0.000150291093343507 0.00611053361129477 0.354335815213702 0.171740776116876 0.0096116811581532 0.00615980303811561 0.173071024897501 0 1 1 0 0.98847237508744 0.4490358941257 0.0686415566597134 0.353760935831815 164
0.0193933219161906 0.0039469910808208 0.0147321068121532 0.15351955632849 0.0103185101051667 0.00450441533215137 0.0137048025920812 0.0859630486552787 0.0824848905005267 0.0217299246508502 0.020295575432951 0.0813512668077588 1 1 1 1 1.27828373992816 0.957511524669826 0.309466864448041 0.197700741700828 165
0.0996291957154912 0.000193940824282761 0.0129788172948772 0.358645578016736 0.0848125074812943 0.00386478276569449 0.0155631283758563 0.307741122763221 0.13951826883193 0.0199816005671226 0.0243419057273309 0.147334271170111 0 1 1 0 1.52383935730904 0.979973334353417 0.392055964563042 0.419369439361617 166
0.0634534915209823 0.0155135170061365 0.0134562485698845 0.180859454648672 0.0577826397851422 0.0134945327791812 0.0143605818185637 0.157005861041986 0.244212443709283 0.0448965182299009 0.0371559119543647 0.242123265880028 1 1 1 1 1.55932332854718 0.909628820372745 0.346053831046447 0.578456909395754 167
0.133751831310191 0.109004812687828 0.384693770370054 0.134230071362017 0.151090199322498 0.119542145097237 0.471195262830634 0.132712637576434 0.348291001492643 0.136667459962355 0.0634403986650975 0.368522905310025 1 0 0 1 0.985249753575772 0.596414080820978 0.0866091959178448 0.444711872609332 168
0.161812421086407 0.00185751526732577 0.00688298381635731 0.325074493635572 0.146715619613713 0.00205140451485191 0.00886965570531385 0.295099290547767 0.144595614489275 0.00542884278444034 0.00328210500659963 0.146675560093131 0 1 1 0 1.34134643431753 0.40654869005084 0.0352221366483718 0.689255224307999 169
0.0082271641635764 0.00266497697118118 0.0642743567617458 0.0370534822001862 0.00619709247190721 0.00179656242481775 0.0657646634908051 0.0138957181323418 0.064197784445144 0.0199186491364852 0.00753789917810049 0.0612649817200392 1 1 1 1 1.10192432953045 0.717693654587492 0.0351791169960052 0.215632509440184 170
0.0152674051558934 0.00158682246381606 0.00439526766681468 0.0429220805522977 0.0171724542358473 0.00205268415252826 0.00506942097795777 0.0514723509698679 0.0919194923675393 0.00772432740462303 0.00710464274134276 0.0964013127727462 1 1 1 1 1.7907443465665 0.775482065277174 0.264216295443475 0.63058475125581 171
0.0932336731418142 0.000132671393355452 0.00211784263292596 0.211508251293875 0.0906851788804994 4.97294503487129e-05 0.00314665633449148 0.205539169183902 0.186271747838454 0.0095934298659851 0.0118742020837077 0.195287603711701 0 1 1 0 1.95471557183191 0.657677088864148 0.223339004209265 0.889333772007376 172
0.105481503805189 0.00245609384245855 0.00137544653641923 0.222078231957122 0.0987743228723322 0.00630818416513576 0.0013547772885723 0.214748607517351 0.254671926920023 0.0375933210440191 0.028730099121295 0.244954392325861 0 1 1 0 1.65332983154804 0.763354301219806 0.200457122875378 0.792589518008754 173
0.0183422061648873 0.000680851003728771 0.0415454999753335 0.0666095706249636 0.00817657157706372 8.93647487488987e-05 0.0445051409255366 0.0303229300031787 0.147061921295884 0.0163112169295214 0.00614774652119485 0.139640500527888 1 1 1 1 1.60199154913425 0.785008261213079 0.0421286020427942 0.565750573528931 174
0.00698092959671565 0.0010275975324667 0.00107807163580546 0.0213233891715782 0.00726355901260941 0.000754385577904529 0.000860012089125671 0.0196534520807802 0.0194855567479889 0.0135561944616616 0.0111707951825014 0.00549156472120425 1 1 1 1 0.842823148705065 0.4845108485315 0.14580877055414 0.076409196248278 175
0.0136578995209031 0.00305796066385463 0.00791852779659299 0.0405300626216766 0.00976341187007376 0.00331526035762186 0.00953949827008991 0.0336790730195046 0.126862459099617 0.0158237723605194 0.0159847703789686 0.1311536860442 1 1 1 1 1.8381939609535 0.78171121655032 0.225660758791491 0.627353398129344 176
0.236399051121809 0.0863538802010913 2.11136366884287 3.73064705391373 0.251697772552058 0.0856378376359716 4.30836221445718 4.21782927648955 0.57261624560656 0.253436283479062 0.0660563572774737 0.512800481465004 0 1 0 1 1.33564538834617 0.695099112112075 0.0125865454319865 0.0668667070567608 177
0.117094413673283 0.00134511097804491 0.00712610039193494 0.272353440731094 0.106026553958025 0.00332163096372978 0.00866516549125257 0.245680785733712 0.157471408656209 0.0107381002923118 0.00957986931336319 0.15762971942884 0 1 1 0 1.90068123163655 0.712016752688214 0.139414644101635 0.855704821646214 178
0.0233163691411541 0.00155329534199336 0.00145043592639775 0.0724268739207465 0.00370862950354806 0.001320322683095 0.00435120753502862 0.0210754536490919 0.143003211411728 0.00896696388867102 0.00877224652685799 0.139943700339905 1 1 1 1 1.42736915498972 0.477078812429681 0.0982321701012552 0.545725685544312 179
0.0163590686928766 0.00685992191836172 0.0149624821780113 0.105114300515593 0.0161378187130412 0.00989781456215092 0.0130276888201387 0.104383187404932 0.0290541197873535 0.0124807804503456 0.00616097508448033 0.0235283592094828 1 1 1 0 0.606932490132749 0.297955380054191 0.0416473317891359 0.113513928372413 180
0.0181082418517251 0.00112373872627283 0.0109646395171278 0.0554547264103875 0.0197330606623248 0.00258008479925789 0.0124040076371438 0.0609013872862318 0.0491353846378741 0.00920963118064644 0.00614113843160384 0.0506991333008301 0 1 1 0 1.98694147402421 0.906940113054588 0.09818378649652 0.708025241270661 181
0.358990705859446 0.0843091618201556 1.0206757447623 3.9919651285803 0.354711671399013 0.10935028623777 1.96089276393882 4.45519256331397 0.487586372935252 0.165716949265362 0.1217958248246 0.227786276536468 0 0 1 0 1.359236179851 0.944579614093527 0.0414148566778749 0.0452963872812688 182
0.143305028392182 0.0290689682694377 0.604061319004439 0.420171703180623 0.219258080280328 0.0565769610224704 1.06008367150094 0.424174181426624 0.518617609487384 0.147445069219259 0.0690410125846235 0.325535647352019 0 1 1 1 1.43707517627627 0.920840727863833 0.0357172368094325 0.145527405897155 183
0.0436896250588344 0.00412122490935035 0.0112177279711795 0.10719411327887 0.070722807236642 0.00375269576364555 0.0168573771094147 0.195198424057457 0.189185895584953 0.0126479232124893 0.00617640981183281 0.204545036029914 1 1 1 1 1.35790231218562 0.496043074177578 0.0450264550745487 0.461842213524505 184
0.336170731332674 0.261873711595276 0.242212776189832 9.71656523894194 0.304588457862894 0.297494651757504 0.437620567206574 12.3024858502044 0.591828307082776 0.265871863960875 0.155867421908563 0.261012389567249 0 0 1 0 1.12313216738403 0.501908174483106 0.129360229941085 0.0161895796190947 185
0.0048092973506488 0.000336699575077336 0.00277053059310984 0.0299551864156652 0.00449714413814194 0.000232063837516861 0.0023709846320685 0.028700538354607 0.016962475949541 0.00934178825365545 0.0060797390461029 0.0151378427404466 1 1 1 1 1.178340413142 0.494485738920048 0.0818103586789221 0.215526681626216 186
0.089306342424742 0.000804411765922859 0.00253160191878047 0.184783289991847 0.0888279689899515 0.00146834339027184 0.00843694140519305 0.179766751999094 0.217780917086913 0.0123190929542729 0.0122998488624152 0.219937199196425 0 1 1 0 1.92045643739402 0.8031748351641 0.189802821958438 0.925824423786253 187
0.00348961057750631 0.00335659604984764 0.00106154399690738 0.0202291106233264 0.00365077139706175 0.00405597446164472 0.000720762988623913 0.0197066130253055 0.0255318476621225 0.0112641344736092 0.00910800199977652 0.021872851978121 1 1 1 1 1.6402641357854 0.823904419085011 0.262003395706415 0.337931318208575 188
0.17483266484211 0.0890616113374446 0.213486920057719 0.145985181792189 0.212939504091158 0.115588243151331 0.264075431099346 1.20442813510829 0.343776439329875 0.161832679104615 0.211861022997504 0.405820810223576 0 0 1 1 1.52432573214173 0.956013550283387 0.281830614199862 0.122349533485249 189
0.196365452702294 0.000934616742137776 0.000730977098829202 0.411520217381301 0.177467378347445 0.00190211177463999 0.000275382781356558 0.371515605516509 0.219759374100093 0.0226205279576843 0.0202903742500782 0.21455986806042 0 1 1 0 1.93882315373048 0.759312282549217 0.322472184430808 0.948755883146077 190
0.0212440550943409 0.00227364935497877 0.00795784943461216 0.0623253627611826 0.0322977490596229 0.00185937910644528 0.0074671466009458 0.0951193184772954 0.145641750382095 0.0101286282597224 0.00833636929363041 0.147687630926301 1 1 1 1 1.63244640594348 0.756891311844811 0.133887659525499 0.602062438381836 191
0.288325283345212 0.0362124187283584 0.222030303118697 0.85409687700415 0.279391665080222 0.0223902412245065 0.297481787871047 0.578565403822406 0.294265034932651 0.175923673779788 0.197729642941913 0.318123691398152 0 1 1 0 1.53095308877528 0.755688140168786 0.286874482640997 0.512301544193178 192
0.0132487321412638 0.0137777334936361 0.00616147678609816 0.0631983821295496 0.0193113215286753 0.0168179658911763 0.0119536691213871 0.0848737741827321 0.03544779471252 0.00962659766409418 0.00512003902391989 0.0476254515625034 0 0 1 1 1.16000853152946 0.323013395769522 0.0831337904091924 0.282235614722595 193
0.0719501517194961 0.00132182098306898 0.0159215379591388 0.294788421850499 0.062032309203633 0.00764249211773175 0.0181214918056022 0.271846646513711 0.136136463980327 0.0498932307626263 0.050664123868409 0.12049473121162 0 1 1 0 1.52956337342039 0.934540497371927 0.284737705951557 0.397952742408961 194
0.0232023532485991 0.0141336100263894 0.0241923210342043 0.479198588178533 0.0153360112696367 0.0181017475767443 0.0366653535805984 0.376003559636308 0.0843246830021031 0.0741649025234795 0.0576340550744184 0.0409986288866138 1 1 1 0 0.664563896600157 0.515438844915479 0.226062421454117 0.0837466774974018 195
0.114457326602174 0.00110187969858431 0.000955047374332541 0.283185746575665 0.0954869267848445 0.000593109320954334 0.00294428668232495 0.238240273882626 0.14314350666514 0.0146110997410215 0.0105519809133364 0.133054942518734 0 1 1 0 1.60118129756302 0.656702967593446 0.101604444673285 0.709698690334335 196
0.13680429937805 0.00245501360369485 0.0125393089479793 0.21987073903342 0.13764861359744 0.00186221624460173 0.0164759071103743 0.22087007268998 0.237605799647687 0.0135274132467605 0.0103616200024 0.233836566117696 0 1 1 0 1.46972951339558 0.40948500437662 0.116472315974534 0.924870951566845 197
0.0116832442121422 0.00214098957053747 0.00854310143827229 0.105917434863741 0.00870113208127273 0.00580080457992858 0.014410117008595 0.100552088174864 0.0427748738731151 0.0279129886378235 0.0204488259754478 0.0206091325101528 1 1 1 0 1.39173212274909 0.756239363923669 0.179174945922568 0.181657673092559 198
0.00950817519934621 0.00147292378635974 0.000772945667650067 0.0216455171563213 0.00879996315598552 0.00128253639853027 0.000569039987851199 0.0184182525560273 0.0158478587819821 0.0115687954386129 0.0118850824781785 0.00184653489409289 0 1 1 1 0.973538557533175 0.641095100902021 0.206235908903182 0.033094123005867 199
0.0432670453621855 0.0147576261271771 0.0610762520942368 0.190631500641113 0.0282892825800237 0.0103969421322711 0.0748281967474539 0.117267727899871 0.198037651434572 0.0567586337766991 0.0561142819327877 0.197076510986426 1 1 1 1 1.24790241103619 0.871999710332602 0.249796278541908 0.345499760471284 200
0.0549031689018263 0.00584774998086676 0.00463124689178209 0.109013831458922 0.0681067237531214 0.00712167237421747 0.00516118310234575 0.132993755911027 0.145445412708168 0.0119192407780078 0.00649961884330957 0.148389042937983 0 1 1 0 1.85097278701141 0.528937279013917 0.0520892816130072 0.989512429339811 201
0.0272463239040195 0.00822746269985271 0.00160403957242811 0.0749257462624837 0.0393923297674057 0.00972340903603984 0.00119999829190069 0.102522700042799 0.264655667944303 0.0126835139935078 0.00833155313935687 0.281148579089256 1 1 1 1 1.58239646442235 0.397302686003968 0.0591805526055396 0.776961137540638 202
0.00631121547225315 0.00116547230832421 0.00764035805879245 0.0305154580036128 0.00486458258862628 0.00157996760499667 0.0129299010535415 0.012075059076293 0.0489211473045321 0.0281012545580659 0.0273813532495519 0.0258949606019857 1 1 1 1 1.25538257369772 0.796941115288064 0.333101292140782 0.176965203369036 203
0.0626288542066214 0.00295184938365031 0.00273363272275255 0.125286156980598 0.0699044183074535 0.00367294704616452 0.00036739734664096 0.142061945681573 0.223336224174921 0.00645902638169532 0.00565480176801073 0.231084381973049 0 1 1 0 1.71938762860373 0.456801910419017 0.0830688297282904 0.85228689876385 204
0.0308884862620468 0.00267052803591713 0.00808877318783453 0.107273835305855 0.0263070176539832 0.00188843116826199 0.0088271715598448 0.0889157396150073 0.179587666670255 0.0263948188417775 0.0163998232202798 0.173899393786032 1 1 1 1 1.81633643060923 0.909500961424783 0.122209927765653 0.6547176821623 205
0.00840557097345824 0.006936389705725 0.00244587198566759 0.0378700468761385 0.0470174411331637 0.000185641935450269 0.00330720261886961 0.160663538002998 0.288042545349893 0.0367497124897307 0.046166218400561 0.289144388642678 1 1 1 1 1.15281609119847 0.679867408471182 0.227055517258123 0.377415033057332 216
0.0584554119284278 0.0271249597364907 0.0537296417677032 0.115583745854293 0.0467519529080618 0.0335627913041895 0.0616477296219012 0.0898079825278183 0.268739642885478 0.0197235065992216 0.0116398657941831 0.274320773391571 1 1 1 1 0.972116743214428 0.23517226986587 0.0623948751017451 0.653171964921057 217
0.000283545316498941 0.000949894835429301 0.00245587937297871 0.0424070461485475 0.00167374907240121 0.00330510507515274 0.00624865042389637 0.0284638307785513 0.0463840069710115 0.0264588961523313 0.0231512567714508 0.0247787949071885 1 1 1 1 1.38899537175894 0.938933167606592 0.230320752598345 0.179845158243552 218
0.00517340042890694 0.00164207558357955 0.00849623584763332 0.00916265382205418 0.00517525268272674 0.00157172128828862 0.00697514156047043 0.00870883414379467 0.0184561809827382 0.0094639567925433 0.00790524168948992 0.00544310885036089 1 1 1 1 1.4663161765784 0.878443313529715 0.140916312579066 0.132981326896697 219
0.129200140890796 0.0664298311504297 0.0021865494857602 0.262593001622077 0.113826949026955 0.0639581072708248 0.00580995398441017 0.237849947204308 0.245730767821616 0.021360390522334 0.0146759732638329 0.264440700172167 0 0 1 0 1.35554568236694 0.248671068809927 0.0762626677751541 0.73496555024758 220
0.00721557086790912 0.00435394232690167 0.00751540129094724 0.0930372903847552 0.00422467388447017 0.00320581899834513 0.0182699709520959 0.0796434147023008 0.0663671296553969 0.0411069832420409 0.0384179554158824 0.0403432723430508 1 1 1 1 1.1060280376114 0.774330290034413 0.270527693443 0.138484119437635 221
0.102532854685732 0.00131076864174359 0.000425867861273779 0.20287267252567 0.0996283465227143 0.00048926975879604 0.00222955368458391 0.19731427960162 0.180414214471411 0.0129557766398554 0.0126543789821992 0.181713397419615 0 1 1 0 1.89588631968945 0.708557615056634 0.24153565755114 0.956799488980323 222
0.0121415465361032 0.00491314077110839 0.00154692247476 0.0672102413884879 0.00514375619366601 0.00533054007804921 0.00182470350019541 0.0505522104914005 0.108573381659973 0.0173603860532747 0.0161468281312637 0.104482121608281 1 1 1 1 1.81976338336244 0.938762180740014 0.389708815608174 0.567386947339401 223
0.0672608777206863 0.00518208490061598 0.00987839681089772 0.125496785780886 0.0535999474701144 0.0067077988390491 0.0124173338568393 0.100058459362563 0.143661616097699 0.00987721836544758 0.00759837621236678 0.138306841335022 1 1 1 1 0.83203113777563 0.218607596121728 0.0799105186015368 0.452068159822375 224
0.00253291809415027 0.000557159369271845 7.74406073591744e-05 0.00662030873710488 0.00203442091196861 0.00110770915411886 0.00088272408197454 0.00322559439737314 0.017127870384711 0.00821039681712699 0.00704839729835738 0.0119216193883515 1 1 1 1 0.837685819715261 0.445561016211286 0.169446449261159 0.158804856706411 225
0.00144302587931318 0.0018408348676402 0.0151953521428526 0.122396319200953 0.00322532856611612 0.00363416522751647 0.0228381014038184 0.094385335197674 0.0324064548305066 0.0209641024883361 0.0122193280007439 0.0245342996117301 1 1 1 1 1.00655668321997 0.762241031508893 0.066403582226485 0.10132193681784 226
0.084958145241327 0.0374394736720177 0.540978840833612 1.73902552563072 0.10906829132779 0.0314469438199848 0.617342277793305 1.96543537945729 0.299130652449609 0.221787040473593 0.18124518445375 0.206821186527909 1 1 0 0 0.908536927308887 0.717416331870481 0.205439436249435 0.0808513481169939 227
0.0230411793531989 0.000191140808491198 0.0120781130155371 0.0389465352396928 0.0246084414738782 0.00136044392027305 0.0162790039201741 0.0467549089930128 0.140227425182639 0.00666563838500256 0.00680284004830986 0.129785335654354 1 1 1 1 1.44828481273726 0.252548420568928 0.0846782319713384 0.707542415009812 228
0.00262107106574916 0.000893144792254104 0.00747511889338481 0.0117030619204957 0.00648157893153704 2.43983537558334e-05 0.00950474980946045 0.022561544427415 0.0532495111416829 0.00877125192945349 0.00836840259988061 0.052113797965061 1 1 1 1 1.33494819235057 0.584868450183421 0.162979480344802 0.411473485641181 229
0.0673073681413722 0.00343237321483917 0.000232896088889679 0.178017313697761 0.0615106930468695 0.00539434352476634 0.000432888150314171 0.16323359431674 0.104061884741367 0.0120984320482577 0.0109284805935934 0.101661915661274 0 1 1 0 1.8392418762669 0.801497071515769 0.217258434044197 0.73130578850396 230
6.12487007795496e-05 0.00187008178275556 0.00147569090724689 0.00899316680700173 0.00601931346862567 0.00348493642557878 0.000841843284572609 0.0127618295322054 0.0983485789594059 0.0183024600174364 0.0162894651072302 0.0991531249356681 1 1 1 1 1.72145139519125 0.823352826060727 0.240905507700518 0.4935855534859 231
0.0939865167445596 0.00694183772529205 0.0334531099217176 0.174720409006418 0.0896088366172257 0.0137063572127215 0.0436091598175302 0.161953582430905 0.30395132748155 0.0545934951962952 0.0442317298056696 0.28613849374141 1 1 1 1 1.45034931367263 0.608633858384565 0.263107093283907 0.711544458055869 232
0.00310477464374513 0.00169682682404029 0.00203371189085134 0.0233850970956843 0.00260202639264329 0.00139932173320085 0.000835843395522447 0.0246706800664805 0.0171181008930956 0.00819152736074902 0.00684821347417382 0.0126500303925054 1 1 1 1 1.33685864880681 0.614469251828268 0.113146059215069 0.214217677945271 233
0.0103811031571735 0.00134190684370368 0.00884632889763642 0.00803131089483379 0.0101314871683718 0.00115140047754872 0.0121921780217582 0.0066540137939988 0.0149561290718154 0.00918676475738567 0.00895043701130704 0.00337850990846625 0 1 1 1 1.00324484985322 0.632390009472147 0.240826082648709 0.0664451990742236 234
0.000226026909706361 0.00165192266073166 0.0115685203216672 0.048229479756971 0.000379702790790292 0.00124430280899213 0.0122337419813096 0.0454437940704111 0.0268470869509496 0.00972808063650688 0.00632409581360428 0.0257713493791818 1 1 1 0 1.57469424372539 0.918568234657869 0.0744686301331967 0.342334853718057 235
0.000440170007929637 0.00257691277180984 0.00690133172128834 0.0105756720227911 0.00339177103101359 0.00163991589449199 0.00880868944800697 0.00244967221379739 0.046699961660811 0.0121703288844502 0.00805082248557287 0.0439184194378852 1 1 1 1 1.78813740937039 0.91307457559742 0.101012578234076 0.487633841345087 251
0.0202854836930652 0.000166990953330476 0.00672316895237791 0.0848940379954572 0.0192708415943292 0.000714568633490791 0.00824465108449983 0.0801376744823189 0.0702789596042959 0.0123843927032623 0.0104579504165296 0.0704428863280164 0 1 1 0 1.92218704707921 0.935765326721594 0.281254440546036 0.573805344756693 252
0.00350952544070927 0.0272763094747124 0.0154514140375514 0.0104900382326157 0.00109403532955945 0.0310661396400681 0.0192225281220346 0.00108237266781682 0.0792037154218919 0.0310650088218152 0.0273806403503037 0.0832966553817855 1 1 1 1 1.2400305615738 0.409042612183839 0.151793584693223 0.216700365999714 253
0.00491637346190565 0.003481601306581 0.00477185860536298 0.029119156727152 0.00519831228987529 0.00353054179222111 0.00254266949368797 0.0314380880726275 0.0177242345309319 0.00909283067591526 0.00713601888846044 0.0130435443420858 1 1 1 0 1.63544499548152 0.902533745625988 0.199883616063744 0.24738468718715 254
0.00262094151164652 0.00119566437628182 0.00353946740611574 0.0328997060585837 0.000532390070225314 0.000972286646966711 0.00725266781030486 0.0238647692431521 0.0433551830192935 0.0137401268107962 0.0089460922174594 0.0420626545181182 1 1 1 1 1.61720623308793 0.955123517196625 0.0827891586814076 0.368115686113015 255
0.122123206605389 0.062797932218143 0.344787322262947 0.131789484372401 0.0835498311192421 0.0257792027065516 0.413575450739577 0.0513641703597997 0.173919569251305 0.047837606987384 0.0265661580096215 0.199496129015753 1 1 0 1 0.521806317381561 0.144237740896642 0.0417226436547935 0.395344225689769 256
0.017929027509372 0.00170574678106234 0.00358097710384292 0.254655510880379 0.0230724718047547 0.000302830486192835 0.00458402835891889 0.340027474171157 0.0390034807623647 0.0195990002743169 0.0158065599161619 0.035726764668225 1 1 1 0 0.711853267624974 0.507010634988546 0.182860912987962 0.0638208058662713 257
0.0122752820012835 0.298033755501748 0.0108933244345935 0.859749745121611 0.139088238105233 0.294109693623093 0.218070653430939 3.20290472091781 0.757927793170013 0.281725937893828 0.136499702597494 0.21794353734653 1 0 1 1 1.19542298233137 0.573836805298924 0.116344299167395 0.0366433025337756 258
0.00363022582931825 0.000127039348718677 0.0104483560493098 0.0204576810035077 0.00979518798780501 0.00132730015257352 0.0135847465037968 0.0167919658222789 0.181913929639252 0.0215275457363976 0.0233715744156928 0.165568625045549 1 1 1 1 1.6240174616687 0.764604459283873 0.288131225388497 0.577654595021158 259
0.030745837203971 0.00583351230620994 0.00809910670047824 0.0690459737614396 0.021506604702905 0.0070975568085431 0.00902581304782557 0.045956388022571 0.149610371116503 0.0165875470424141 0.015905069431178 0.142039572788065 1 1 1 1 1.74992245435715 0.876158735016361 0.303989207837731 0.66394605813548 260
0.00459706333716526 0.00142297260702855 0.00834620423901656 0.0110677300045668 0.00396173160016383 0.00200906633585061 0.00659332486812991 0.0117593070966958 0.033209420576447 0.0225195160160357 0.0139354879539445 0.0132704716120298 1 1 1 1 1.12026097625494 0.536073958966881 0.100445128977299 0.12252656230703 271
0.0489886538375079 0.00606749919775802 0.0525597509756549 0.108997267068096 0.0574231148486089 0.00262221802960835 0.07089326790627 0.124546496263962 0.220737916836837 0.047179734161517 0.0330865408754465 0.222419989369298 1 1 1 1 1.84327095746994 0.913819298846647 0.138221374480054 0.878319996874779 272
0.00833616596842638 0.00239096476554815 0.00371749230403451 0.00482574264245196 0.00824427750267174 0.00231307177247148 0.00434561679146707 0.00311519715004309 0.0223802114564982 0.0131633127913837 0.0123575585497895 0.0039713637337261 0 1 1 1 1.52809293754399 0.950500389561057 0.399249396519735 0.0965228015556931 273
0.349472675219041 0.128924455631798 0.0425063455152314 0.880525712239999 0.367004293453682 0.150997108519069 0.22766418344387 1.05165268183085 0.472567756416538 0.146720644647063 0.165326375737745 0.451333784944832 0 0 1 1 1.500050005503 0.997921239351854 0.151887108106166 0.182090602582321 274
0.0119761711334175 0.000520467488936987 0.00297675844846484 0.0480985022630121 0.00580570745932416 0.000388056062209218 0.00361957505172734 0.0301580218854365 0.0757867004501958 0.00880945923472121 0.00775034742075081 0.0813448787768533 1 1 1 1 1.70208816137165 0.719789093127474 0.151584261795506 0.54795736214146 275
0.0011464402994392 0.0030169234615985 0.000185702071700324 0.029136601887966 0.000720116090551743 0.00479340569084185 0.00103209369876649 0.0171444609786107 0.0463131806493497 0.0319416675294191 0.025350968113517 0.0158652606218794 1 1 1 1 1.13958943914622 0.778432087274268 0.214409601408988 0.108317112317309 281
0.309373169355928 0.0686592925503561 0.518943224206338 0.870763824487148 0.326998642426827 0.042011855843993 0.693649142648009 0.733068904958419 0.349304743499568 0.186983937785747 0.126948167550104 0.103679604268214 0 1 1 0 1.58546875836328 0.766697247512639 0.0901324290316552 0.544701796490699 282
0.233075805553579 0.0133999552992527 0.00459067115158904 0.684662165280018 0.204881972986058 0.0110724052700161 0.000726820456061928 0.613984076241245 0.164406793110858 0.0637580465387602 0.0579269388523631 0.147898197349889 0 1 1 0 1.46402684506029 0.906877311412245 0.383161519886926 0.452099466929212 283
0.0451875215827612 0.00223593246949248 0.019327363430266 0.318619492544608 0.0225040679643809 0.00183661282892348 0.0201519462165018 0.185214964474902 0.0700971316524174 0.0258212612745049 0.0256458920718152 0.0664354040246452 1 1 1 0 0.722954983823001 0.483353991061449 0.22358331666328 0.142515388317406 284
0.272316060998496 0.0544076026282986 0.283292405191678 0.845436311477753 0.189757907265379 0.0743617076538206 0.338770196945747 0.575646990483067 0.252160744566479 0.104542031434933 0.0493821946468758 0.171383958877102 0 1 1 0 0.931502673309296 0.387704362859949 0.0741710066795349 0.313856648746878 285
0.00481122832785785 0.00818624575960999 0.0178625221719719 0.0168529848231689 0.00746630948870399 0.01073162685699 0.0215302146425532 0.0111617620612601 0.0348614461718102 0.0057833769259508 0.00435634780459168 0.00929272783974461 1 1 1 1 1.41005909396335 0.244683145079762 0.0340878223069012 0.168682067422196 291
0.184033605500301 0.192495159343003 0.0562039397877912 1.88647385072646 0.338388425985174 0.285267641918483 0.0791264355236972 6.89172840904111 1.05326151950879 0.169095239497661 0.0888570716011059 0.303372596767487 0 1 1 0 1.57352373283356 0.280302762752399 0.102956929709762 0.0256734718568623 292
0.162270450890387 0.00376365811271958 0.076785266861184 0.297566117560311 0.158376092874847 0.00832188343269826 0.106365065530686 0.289880355284313 0.318615154507366 0.0687443220086934 0.0542657413302944 0.304056533786347 0 1 1 0 1.58305845782161 0.7338429200463 0.200736505445093 0.791931932559237 293
0.00250529573587094 0.00533854091912232 0.019942207781081 0.104249602358596 0.00112903411504625 0.00627404879971751 0.0107951882760426 0.0835271537307245 0.0832415560906061 0.0344287615079276 0.0162426148537717 0.0622944640048763 1 1 1 1 1.38606266444549 0.802799242548645 0.0877237906679511 0.320161047624424 294
0.20264227002252 0.0780649647747081 2.91910821034581 0.307204944517879 0.231282993378643 0.0904872621922816 4.53341005538706 0.70751111817367 0.351880479728219 0.217704802923532 0.06990732510616 0.25607504296708 0 1 0 1 0.920055143535137 0.606300436891615 0.0130039346404374 0.13817943376489 295
0.0565957411268924 0.00430712475476051 0.00529768301911411 0.162357360360261 0.0513732569948512 0.00527525303371428 0.00428879914180288 0.145057390304279 0.141260626125909 0.0182998114336627 0.0150371786536666 0.132949352999341 0 1 1 0 1.79070469737053 0.89083138667047 0.162868660409003 0.670584966195747 296
0.275300403610657 0.0231940225433052 0.667057046676275 5.62772288194515 0.289916103612932 0.0494506460546326 1.18675970658827 6.97818312506638 0.489626966301802 0.259154933069132 0.100077079103216 0.324332706162763 0 1 1 0 0.964187714736909 0.769710404565558 0.0440899557434022 0.0390170158352703 297
0.0289616068457345 0.0183331886917109 0.0624836831175852 0.436609346461924 0.0123467350931262 0.0248838678333135 0.0728752164966364 0.281692000599962 0.0577047590903066 0.0324189701527083 0.0241314415368451 0.036866602588292 1 1 1 0 0.503987782634795 0.297510974574834 0.109791579656303 0.0641074627637863 298
0.024387501209236 0.011196037199193 0.0140255624878888 0.126704284916374 0.0235460907584734 0.0176107479637054 0.0159268523353856 0.102276055383982 0.0993455670627941 0.0444542156907402 0.041346774414262 0.075259605993299 1 1 1 0 1.71992877870798 0.962288394104689 0.323554534465075 0.362579485634342 299
0.00512198696375361 0.000415673209749339 0.00141818809157236 0.0364455347802954 0.00533460069462782 0.000508271161075396 0.00315246846484391 0.0339121599377195 0.0176367658657437 0.00576779301387775 0.0054143261075251 0.0204169454360045 1 1 1 1 1.11324390536174 0.352434324100614 0.130861902842298 0.289780315943062 300
