"V1" "V2" "V3" "V4" "V5" "V6" "V7" "V8" "V9" "V10" "V11" "V12" "V13" "V14" "V15" "V16" "V17" "V18" "V19" "V20" "V21"
0.0549639207199621 0.000324388945318871 0.00122040928493635 0.104892740327988 0.0137507211709783 0.000333932832055803 0.00122331143037276 0.0671422761208997 0.454773667165913 0.00108754827072027 0.00110225611854692 0.452881819406708 1 1 1 1 1.14665266964585 0.309101206250489 0.132272714981809 0.566016362980008 1
0.160070918239189 0.000329059138265419 0.0166533148653507 2.36921699594458 0.180163685378843 0.000200535201978636 0.0174257686052721 2.35510294867109 0.40570465968961 0.00106993550067114 0.000957516103438909 0.427255492822303 1 1 1 0 1.0039397617802 0.326628328999504 0.0247715967707336 0.162711632670835 2
0.0283539836931229 0.00773787823153304 0.00158933943867394 32.1314667749461 0.0323443176704752 0.00774168774916232 0.00100834206053451 32.1966487798188 0.402064375591411 0.00322419346949043 0.00250545396126606 0.408606533470478 1 0 1 0 1.54005571315065 0.942784613231197 0.36185066960752 0.0127429524436593 3
0.461968616410739 0.00241513303252817 0.00457796475713122 4.54586656741012 0.483696969298459 0.00242595174227386 0.00314215146746058 4.59094950546277 0.478762129616761 0.0022696832319033 0.00103316720189119 0.486811013918936 0 1 1 0 0.701285149902105 0.456748500000685 0.0254929212387651 0.0783239570446312 4
0.0849870614802549 0.00167187900040991 0.00491972584884396 0.144513995838872 0.0851583937111391 0.00164451615124509 0.00450511673574462 0.179521692528413 0.485142634633437 0.00106094528069245 0.000917661543145317 0.468467163349006 1 1 1 1 1.33121683495119 0.304883275413886 0.0177239710465074 0.692625114694238 5
0.233307547388872 0.000306765871976638 0.000540524654997482 0.510473749195075 0.215147509032089 0.000204058452408384 0.000287745599380275 0.477899693072228 0.408039601397555 0.0023182580299963 0.00178519598736326 0.511657228641142 0 1 1 0 1.79029444232583 0.684289930388331 0.149843604303896 0.869767326395959 6
0.152391692134435 0.00192188904239528 0.0842883208759581 0.413941730980754 0.101921728191195 0.0286884393868206 0.0756338167374565 0.231379897074295 0.55417827250832 0.0320883429881287 0.00732397738428121 0.479608596530611 1 1 0 1 1.14349149307236 0.536283893976361 0.0915618345607072 0.524219667539001 7
0.0997450185107561 0.000293447822193162 0.00158593853356211 0.243516586714441 0.0821304471225912 0.00042927778177352 0.00106309914764737 0.245730991240874 0.326257301753143 0.00273555713340712 0.00240059657592578 0.48282694035119 1 1 1 1 1.56050599738955 0.637203397462144 0.233300005318597 0.668867945903912 8
0.0601322803957853 0.00112496105805702 0.00493561446990302 0.220551599192874 0.0343650633371041 0.00177993741936102 0.000782948913354986 0.283068619784405 0.849982660496798 0.00300856077724249 0.000985504104690442 0.602831133187771 1 1 1 1 1.07441852940246 0.26117097097449 0.0339893251657486 0.349979129619896 9
0.167123825836077 0.000500947607680715 0.000934195288020014 0.443404695432189 0.198508236710965 0.000431414986717548 0.000417580346340532 0.462962798792601 0.440194799707087 0.00089185436055994 0.000712323639095243 0.40948222721234 1 1 1 1 1.06817620107904 0.28374484134838 0.0390948338899761 0.405133123509586 10
1.02411386054107 0.0520727155749955 0.0847617394966704 18.334148999673 0.94664067781191 0.0457806133436155 0.0551591467902326 17.3862404002039 0.457452843503349 0.0139945444486017 0.0092080054596371 0.455577892493707 0 0 0 0 0.513322463724762 0.415628093760461 0.0779313575476408 0.0305227264761925 11
0.11423839969111 0.000258080560909801 0.00218358966955302 0.318635633132488 0.11256791882251 0.000114716615219641 0.00213997968342524 0.304722705659859 0.416791025954426 0.00121026004814812 0.00121833937694912 0.426816743009574 1 1 1 1 1.25396963302046 0.259086672216654 0.0873338542878628 0.453100867336616 12
0.0592423835490237 0.000915950895637916 0.00140824000229767 0.551417757576231 0.072354176061833 0.00131100376687914 0.0187881273326936 0.557989966296525 0.301153391148586 0.00407437157964374 0.00364264059484233 0.471333165109627 0 1 1 1 1.28867208724841 0.56205772398971 0.0713672018609941 0.313750441418961 13
0.212604646661844 0.000971997418503725 0.00427695069598241 0.461366380718453 0.190809046591506 0.00122452010646923 0.00421726629000994 0.450866702997593 0.292680007558106 0.00311692483407999 0.0026337289954439 0.409782000092224 0 1 1 0 1.99554483033717 0.776968540856615 0.201026257826015 0.966969619970769 14
0.0366531750272566 0.00171803100534097 0.00131820355390519 0.0912507713830778 0.0193551366772121 0.00165461239631266 0.00117091900619341 0.0908559704226776 0.358937870274114 0.00161640879506453 0.00135679986203077 0.435550582200948 1 0 1 1 1.45113623607904 0.517861147643998 0.144224777352065 0.605628827819601 15
0.141453411947677 0.000901133638676436 0.00529654722479418 0.341885713231152 0.143641374963101 0.00139013665841486 0.00694806674836004 0.353121377122282 0.412200539208924 0.00458213588064782 0.00440822243392058 0.514782881364982 0 1 1 1 1.77554774377495 0.910309325205162 0.332796147791669 0.74725797213614 16
0.227219692740197 0.000561411923525459 0.00249412052877398 0.498919209070269 0.207591840599058 0.000813468329661878 0.00148025958465229 0.482963525885684 0.349863857314983 0.00212658771676488 0.00142868470566092 0.427152580856301 0 1 1 0 1.99290022393689 0.811510586645454 0.0934409152250737 0.969843920785934 17
0.15549037120643 2.98022689381658e-05 0.000317163350246123 0.633143285145472 0.187589519924823 7.79384045925041e-05 0.000695951866172231 0.695707068091124 0.476069581541798 0.00224854988407397 0.00177637258716229 0.515506017620243 1 1 1 1 1.12181222438812 0.652303830254823 0.215611922554672 0.297541262814775 18
0.0140915937544854 0.00403185063664651 0.00527510471914678 0.0624726301540409 0.0340997871122349 0.00395818516154001 0.00518985908307003 0.085804844170276 0.428239587482974 0.00242832198801157 0.0018386351638886 0.481162043021386 1 0 0 1 1.39790877746418 0.711442576022819 0.272970167221501 0.492779911495745 19
0.070928533264791 0.00250471513943576 0.00138275857812778 1.09031672057985 0.0987997454285622 0.00272363913420945 0.00533123302893264 1.16163444931977 0.272533699732947 0.00468019658425156 0.00435227878520056 0.437366131137355 0 0 1 0 1.49513221206143 0.969297251896933 0.276013411115855 0.208839517552406 20
0.173474956916045 0.00235092281292956 0.00575438145337534 0.730763145308403 0.199429963523432 0.00219241347061445 0.0056026634513295 0.766210362212737 0.434320419999125 0.0018774047533644 0.00135258236408026 0.464467250967462 1 0 1 1 1.05361191835254 0.57580360583961 0.0995876919478178 0.290397075936198 21
0.239464302253199 0.000805458831853981 0.0107482528974105 2.06569251026731 0.26054917905861 0.00090772599444896 0.0105149908712195 2.01916103365106 0.413637975175585 0.00152387084436834 0.00127376451723725 0.423189636601659 0 1 1 0 0.954917162191123 0.356173918116838 0.0360350233968347 0.189678232418373 22
0.197816790538451 0.00364177357908281 0.00487152494902717 0.462446968395247 0.188412512967548 0.00383752868931676 0.00532792950513716 0.457616069602775 0.422041616846068 0.00348804873793052 0.00215274055656928 0.460173681494471 0 0 0 0 1.90559195447713 0.899211432784796 0.296899850713089 0.858766416320577 23
0.049416830723629 0.00115002357396452 0.00042373286617716 0.105657364253753 0.0513724284534498 0.00108087216456648 0.000357665068398752 0.125566088216383 0.396422027014477 0.00131809185192255 0.00110781074166932 0.421750362915003 1 1 1 1 1.44636415783316 0.339705681428313 0.107949075521901 0.65327877108939 24
0.0252780171624567 0.000701508464220653 0.00129343779802459 0.0646248676453249 0.0344217176483181 0.000706056916638852 0.00093835543670782 0.0575428748263453 0.394410864753407 0.00234344670086989 0.00235059101581697 0.482451964665541 1 1 1 1 1.32452690880746 0.388966808328405 0.108819713583216 0.56022155075334 25
0.0938516376287659 0.00307490770897396 0.000784283752726658 0.233056268178584 0.0609724330072582 0.0032294200922152 0.00156252978165181 0.206632768415846 0.340560157585633 0.00194855354356249 0.00152817849191636 0.429215260670026 1 0 1 1 1.62347775837407 0.581902888603508 0.0563015448860824 0.706641011638567 26
0.0483206282662698 0.000206189153524054 0.00391903056315109 0.507461226194183 0.0842325118170007 0.000203345595864321 0.00385419263238526 0.534071886223969 0.264626275505628 0.00314873631746915 0.00261642365048276 0.389679140433959 0 1 1 1 1.53594088042155 0.81922329030931 0.305421998491511 0.338864039396867 27
0.268734973044569 0.000803872495511344 0.00173005411133903 4.65385478236862 0.296035782229045 0.000944551172272004 0.00326411656197724 4.82173889877962 0.507099159997782 0.00784892614480492 0.00501244508486542 0.527962749184614 0 1 1 0 1.15449209976941 0.887741309823468 0.262252214364707 0.0839636714663357 28
0.0326218690662777 0.042088752274014 0.0440831793765856 0.136345212206722 0.00349181925565449 0.0611808182264012 0.0838064427862198 0.159057152348477 0.391603116097097 0.0442246045700939 0.0264639388469503 0.406797761973936 1 0 0 1 1.33023223374039 0.746596497716382 0.208682954544201 0.583391360472888 29
0.103916937307556 0.000774561339050183 0.00202022385159897 0.54110633604027 0.132502203216002 0.000806424034087674 0.00227835105759245 0.61574171560207 0.443775185796727 0.00389931394654386 0.00239670443641402 0.492960900611659 1 1 1 1 1.33386314334348 0.872996591031551 0.203180402750149 0.30182553594932 30
0.421112813155429 0.00202235283593759 0.00068667000463864 1.63062676193588 0.420135968800154 0.00216138733527095 0.000735189587731675 1.54989689542677 0.531847022507639 0.000758705399414528 0.000674180124115284 0.527965761848867 0 0 1 0 0.688756848219782 0.274017054587603 0.0872250210959464 0.193582792533562 31
0.130197726504248 0.0031432444718628 0.00136830545802846 1.11385521080072 0.150929624829252 0.00315156838816177 0.00158554630758616 1.13300409965221 0.364714244900549 0.00225960236507794 0.00202803704397866 0.412707077306197 0 0 1 0 1.29387468472123 0.575448069022968 0.175699963932857 0.262439309619367 32
0.0469461183551219 0.000384579674581361 0.00778232731303893 0.206975897080946 0.053921954007747 0.000385138528291149 0.0152584465135137 0.191553372735599 0.283411264590941 0.00286277549138902 0.00218425477481309 0.367940718410868 1 1 1 1 1.75933794490993 0.813062491128221 0.0136818464379758 0.553855386795476 33
0.0913210185195134 0.000912841304219273 0.00329208293621194 0.306836831255522 0.121533863577261 0.000807828495040536 0.00330314936528419 0.34011508525807 0.383123621337097 0.00140261559262467 0.00119022483380732 0.413922576402323 1 1 0 1 1.16705680824816 0.476208231644705 0.181993168545887 0.41035085869953 34
0.156962057390853 0.00263641720431024 0.00386467512471624 2.64283538937188 0.186516091913024 0.00256263051737224 0.00373440287024138 2.72234251191398 0.415497599978774 0.0022306934870534 0.0015884252658123 0.467724082145502 0 0 1 0 1.17711958056316 0.644914431497455 0.0495403523091227 0.143317127134651 35
0.0905190125874474 0.00251275468340238 0.000307754078515871 0.241659004505919 0.0782773737821786 0.00245821949137473 0.000155354261261083 0.224522550795697 0.416243145380888 0.0022357622108804 0.00140347029410426 0.4676609849205 1 0 1 1 1.68119246279821 0.769982621539384 0.222718141041696 0.688786606071517 36
0.107230553073131 0.000313299948644155 0.000904331675016438 0.238654001063387 0.0917498627544819 0.000366256665658676 0.000777495782395225 0.235356716759122 0.360078289728044 0.00189204850084423 0.0014796998026288 0.415562276782686 1 1 1 1 1.64126262674108 0.619784055510536 0.251746017718688 0.749476840021089 37
0.226963955432846 0.00161599681839383 0.0185034881763622 1.40298214286868 0.252788852350269 0.00153977498649698 0.0140001931975968 1.38205869494495 0.467429720820478 0.00181821851180475 0.00123096330299943 0.518219959405975 0 0 1 0 0.992088751867414 0.57340398314409 0.0101286671124399 0.198892145883292 38
0.149303091280234 0.00170726484740471 0.00173516322508292 0.320215947902663 0.126335797764452 0.00175896237468328 0.00191426662418686 0.316657438392437 0.331178991444349 0.002027028423155 0.00187361421825424 0.428220470536151 0 1 1 0 1.76681672409177 0.479268473107368 0.193412908585742 0.854545774869621 39
0.27517618557914 0.0025285903967053 0.0234301218570936 0.537154674425852 0.256349725717981 0.080400786407724 0.133778480180024 0.448838389684285 0.583429504797146 0.0127780660941454 0.0133900190078142 0.455726971096273 0 1 1 0 1.54564368957654 0.386336194816977 0.126319787232205 0.807476628338918 40
0.0548078548487256 0.00264022659786762 0.0112291765135773 0.159089288149282 0.0337065128016721 0.00271313254022953 0.00994986112264663 0.148292367366646 0.349831652157952 0.00236488025741344 0.00167769977725343 0.424179928014608 1 0 1 1 1.59618093259633 0.745609080651775 0.0292485177051276 0.627908543683589 41
0.00157275409313733 0.00149789033945352 0.00429419889790933 0.186002375989348 0.0297859159054797 0.00153191968069964 0.00461207608653921 0.192615221466397 0.0744315593627827 0.00507838163758434 0.00484119010942291 0.343989215264576 1 1 1 1 1.80037733260542 0.866887699812651 0.227296380093321 0.50001604296267 42
0.294321187194715 0.00541612372634569 0.000608714082544855 1.35884128182734 0.310195699960239 0.00540438121369946 0.0007025256780626 1.39948792644898 0.468223584603242 0.00302666375371485 0.00193706136853519 0.474812628325139 0 0 1 0 0.917455810587853 0.568465084536001 0.130019178846851 0.214686037972569 43
0.0378291406077362 0.00359523220013465 0.00218812907431543 0.165642409249412 0.0406844514934129 0.0035381970679729 0.00170645527589058 0.178906494336415 0.356945658237303 0.00266101475159564 0.00209053083929386 0.506129043240626 1 0 1 1 1.42569329869002 0.609800279606134 0.20088469539769 0.445968879153952 44
0.216418755926034 0.00120363036753369 0.00131772986320722 0.364969186952186 0.213927993341212 0.00117003845395758 0.00127064954917237 0.37720050179317 0.409201874326158 0.00110866418228789 0.000893332869392152 0.417794871039754 0 1 1 0 1.65019747801125 0.363643967080861 0.119411256629974 0.937808546470478 45
0.113781855832005 0.00125565444103167 0.00332677774607911 0.296416637676052 0.0969608500618136 0.00102544141153066 0.00394386998325812 0.301210178855844 0.34384421079838 0.00265020763420298 0.00191429818648424 0.452048755976382 1 1 1 0 1.78900625696406 0.717816187534481 0.0812688719015568 0.786931170150638 46
0.18986893505411 0.00262114649683841 0.00483799319210977 0.310253743343945 0.156089813497761 0.00255887324048138 0.00451344805374857 0.291197019027265 0.477008393503279 0.00167922824488415 0.00165745143701971 0.496630870046166 1 1 1 1 1.42885018093511 0.269676957046613 0.0272253048606217 0.729943894781172 47
0.0255296297904832 0.00642496120084749 0.0293710460360777 0.3165036170828 0.188249093184443 0.0182717992635499 0.0980714324020244 0.382715109777234 0.619778621215328 0.0269609722036573 0.0254958815660687 0.351146794634742 0 1 1 0 1.96896930364892 0.975077951094136 0.0839453472290188 0.565432354342192 48
0.543183979740954 0.188024395738981 1.04705034784753 15.3708384592609 0.524522323653022 0.293258540674621 1.57847109228322 16.2325597607193 0.428979360712631 0.131109667110606 0.0724679395296026 0.376883188942929 0 0 0 0 1.51161306584254 0.290656073018909 0.0330888901371509 0.0330038003157824 49
0.147022186510711 0.0014912180285507 0.000650419922902613 0.328281898083268 0.129878715390645 0.0014599135646273 0.000944939521914965 0.320866029104487 0.388338786992084 0.00195610805171209 0.00143706199085113 0.454495538516686 0 0 1 0 1.70857795840129 0.686871864832938 0.0787511875387281 0.805885064415634 50
0.223760770400804 0.011491942266271 0.0156801370657347 0.463078796328257 0.218955134653793 0.0127679901010112 0.00939041061745108 0.454851108336444 0.47611736154797 0.0106748622979506 0.00729250480091723 0.493195693258485 0 0 1 0 1.75077651347965 0.786248719086871 0.175236573442817 0.887656368780881 51
0.115337361129323 4.02132743081611e-05 0.000691477460611534 0.25144098769723 0.10180367313191 0.000285246029190168 0.000741039018401075 0.241202734614493 0.466209904679981 0.00186940702820382 0.0013425472010066 0.500580699763468 1 1 1 1 1.4147145729512 0.573537597432733 0.20333709823899 0.659218210494146 52
0.180297836411468 0.00146762162765831 0.000768507614837077 0.68782675490695 0.187312440250377 0.00147610965422147 0.0182259089720601 0.666542164193288 0.415821696157431 0.00246463461986396 0.00287132034451323 0.467368821345136 0 1 1 1 1.08593318285421 0.375244610244408 0.0723631745204329 0.329942008014768 53
0.0761356166713332 0.00187968830883865 0.00134502639705553 0.265069651243615 0.0777538639007864 0.00172411326846457 0.00171289857422221 0.283278419463359 0.312304538679208 0.00401119570716146 0.00289746975390714 0.461822543607746 1 1 1 1 1.74631665181369 0.868610889883712 0.36691697104834 0.628229703987017 54
0.0833622867953617 0.000228166173466572 0.00426034155833239 2.04144318198993 0.118066667661494 0.000234721762319075 0.00417912117308611 2.24947578722216 0.34126294460599 0.00424138075700342 0.00337331926836365 0.491474589290552 1 1 1 0 1.39903084049001 0.873160670045763 0.142407559324056 0.148372888099402 55
0.1371132683114 0.0112001931630906 0.0180710345866939 0.107568888460496 0.199931821810468 0.0550340770329186 0.195136348233799 0.258303300685223 0.301960960145478 0.0611692430320659 0.10362464375326 0.392495667775684 0 1 1 0 1.17869538674131 0.318340430734679 0.144795483443886 0.747729661874473 61
0.0240654500549805 0.000407055231263965 0.000443354422644494 1.14804674619606 0.0367818419741532 0.000645005124552636 0.000343623447308052 1.15463148349861 0.221311545177144 0.00395845414263141 0.00321939711765093 0.374509894467214 1 1 1 0 1.64083431707695 0.948316963855177 0.198992298683152 0.20256760623306 62
0.0835469272850904 0.000673914623602617 0.00271860710264631 0.179257225571677 0.0827217787641067 0.000798974350165998 0.00292808828021612 0.187331815589579 0.406271562076512 0.00138817390870688 0.00121781427939781 0.479505541673609 1 1 1 1 1.47708100220188 0.304484145017341 0.117663246812299 0.675865403143689 63
0.0206560325302241 0.00052853843907589 0.00561935864773608 0.089434908939229 0.0431967967797306 0.000493940487690413 0.005863924920846 0.110610066460826 0.297879715956086 0.00227555522776263 0.00192782563609828 0.423279026935799 1 1 0 1 1.43330241367221 0.469880353892222 0.180123190395534 0.490995169617236 64
0.236877201366352 0.000864478243100682 0.00320102540698144 0.352540746772186 0.195019970263733 0.00100912595996654 0.00327219524270088 0.319129351053639 0.538263544808757 0.000910370967344698 0.00104275054422269 0.511873186108996 1 1 1 1 1.16290254564956 0.183706197654828 0.0405289616901428 0.704619693337008 65
0.014472310711573 0.0248641232376911 0.0271144515905001 0.535508727519382 0.0682772717155844 0.262176327732358 0.293691856615891 0.768015961274558 0.873049644734521 0.121347521528038 0.0403260781563077 0.547600965983482 1 1 1 1 1.27151663508266 0.338516823248938 0.14444093266502 0.247696628328413 76
0.144665489588581 0.00254937679213645 0.000357637905354043 1.01904728519258 0.175365255212232 0.00195152032646992 0.000441896030982021 1.10944792837021 0.417082912511871 0.00373492661884078 0.00229171412258378 0.494568523925147 1 0 1 1 1.07897741766647 0.68392857327126 0.267426738515496 0.201299786102027 77
0.136086766239138 0.000173454677818478 0.00643035016043423 0.298277008685198 0.1195080023256 0.00360896444641721 0.00866723656403193 0.283724060716767 0.487996031078468 0.00693213085506894 0.00649084099204639 0.527981746163705 1 1 1 1 1.60210255673155 0.830231344792992 0.367578281089664 0.664878014242277 78
0.049281764550134 0.00320337634695766 0.0382829047347595 0.173396623793496 0.0191005786368301 0.00453862209946862 0.570206285219084 0.239625060562947 0.276794789819977 0.0158898933430713 0.0137871328401057 0.486383228407442 1 1 1 1 1.4811228341423 0.933115994557738 0.0391989876516163 0.317262266762555 79
0.250780799647031 0.00388693673841496 0.001675253134362 2.02008051129942 0.273350050321016 0.00390227457393066 0.00164288212064125 2.06068659710426 0.471714571883633 0.00359022062963787 0.00267738043639071 0.491077797755295 0 0 1 0 1.1059691645205 0.764175681630149 0.323051849845797 0.158664148533717 80
0.168914396999348 0.000851893471070602 0.019206456954705 3.1383016990081 0.207679856564446 0.00120129720899002 0.0209909242622281 3.32809429219872 0.409131623090199 0.00728194590251985 0.00470373722488243 0.478899078865803 0 1 1 0 1.27792575443164 0.966991814319044 0.0654663851018995 0.101655689999461 81
0.073461011978055 0.0019233459295525 0.000661970675078502 0.245166479636143 0.0676440602486347 0.00187573668552569 0.00123024191628939 0.240339827658676 0.30330969463701 0.00322751063476567 0.00157552777272421 0.369590744241506 1 0 1 1 1.77187600219622 0.980679680593312 0.134610302280635 0.602341853315011 82
0.0437590107202669 0.0211998328953783 1.01878493625112 0.17728981482451 0.012216841959805 0.313864085331957 5.46897612488533 0.220221800551695 0.708391873004397 0.034666758803297 0.0268110006189545 0.598820264676291 1 1 1 1 1.19855506764725 0.246586051536724 0.0100741644855589 0.383762477431446 83
0.13245226080327 0.00184235925831209 0.0224032329808685 0.402078085252195 0.0259024001374075 0.000272158014651011 0.00697068210574605 0.21992663301787 0.26637024585373 0.00101628754941047 0.00104080382539057 0.473973215735275 1 1 1 1 1.09902399824932 0.273382934974506 0.0293370082508773 0.509707205928862 84
0.734368108736108 0.0167055129537547 0.0221808600560167 6.39322490744853 0.692219776878392 0.0294501249879412 0.0142105495945564 5.97466022739832 0.455257784359375 0.0184850901767555 0.0153068655744417 0.47262006557229 0 0 1 0 0.681999451015145 0.524251558119431 0.239508895669132 0.0809701525140554 85
0.322033212317443 0.0346719971475059 1.27357752769162 1.91191293945674 0.364118500819023 0.391183304700878 4.83746643305323 1.84928728434719 0.626867544347071 0.0528003372714543 0.050136990021934 0.559209331029868 0 1 0 0 1.42299400363117 0.259661698713899 0.0134647584054619 0.1624670852907 86
0.204557122984709 0.00367130587055566 0.0365576441102878 1.8883955680908 0.188254404510066 0.037141478997761 0.14739214922684 1.9475980984074 0.444746059973468 0.082622713162405 0.0697492757502482 0.4531561605134 1 1 1 0 1.19886562693864 0.96049494901672 0.210728319361806 0.182071308372542 87
0.279510030267702 0.00246799362523428 0.00153939205598694 0.480138410992153 0.268275361043033 0.002130783552777 0.00242804901319931 0.47791060926556 0.459271917610488 0.00234467098307045 0.00180827494825886 0.498745802638349 0 1 1 0 1.56535166269168 0.524979378096759 0.118019520770758 0.90673198364675 88
0.0267666385757434 0.0343747549373933 0.104129863304105 0.292369565993026 0.00225675565341035 0.0527175216606294 0.124191525228827 0.225506798146446 0.464105279891268 0.09632192092282 0.0636976717158103 0.396589556507642 1 1 1 1 0.88625013269484 0.446366888703778 0.148047736380249 0.432289927499369 89
0.0874805716279379 0.0014014612947347 0.000211468535593798 0.351454994834214 0.109549354773286 0.00131552921216468 0.000577471648945471 0.354653045361331 0.199009230692771 0.00323453856614597 0.00303715094140766 0.393071498082873 0 1 1 0 1.86671740468591 0.753209598362446 0.167453079251572 0.704245692817494 90
0.0255860696554194 0.0030239630518893 0.000634063430162297 1.55815342443878 0.0443957562928051 0.0030995098357642 0.000696689973954456 1.53782502677014 0.198320281827664 0.00368871228391576 0.00317041537455182 0.347865199075744 1 0 1 0 1.65605641435832 0.964752489235252 0.225094461813569 0.180579631822184 91
0.352257287770239 0.00620208447823933 0.0335546046517108 7.04560036456333 0.370175116974355 0.0176569922669342 0.070586445600405 6.42919969511857 0.402428894560427 0.0149469497701314 0.0128258540013437 0.321420879979642 0 1 1 0 1.59303466742858 0.269808508688584 0.10133135644719 0.0929480462800711 92
0.329512567172718 0.00519360290703326 0.0470351470109824 0.471227996551671 0.315797815007019 0.00802657486277525 0.0564050740272466 0.452504503570278 0.487830756411476 0.00416197473016933 0.00251373945233438 0.48860442847364 0 1 0 0 1.28797213267535 0.3027829087805 0.0263984987977892 0.900887617375702 93
0.0363839074011581 0.000886816835396012 0.000225099739035133 0.0783044733677524 0.0562179232958862 0.000919993674509659 0.000414572566349108 0.134302133932365 0.412614063159288 0.00154218679891788 0.00131317639184664 0.449509145229972 1 1 1 1 1.56368562486023 0.402162624290213 0.120756253134459 0.675922867609188 94
0.203063186774816 0.00210431966598259 0.00867064210191994 0.3387008533889 0.1973378128125 0.00141848591784161 0.00745250575941768 0.348179476844961 0.48791316956521 0.00104317346379357 0.000831396991847474 0.507845874917984 0 0 1 0 1.28920260863379 0.365261931205168 0.0161844259127975 0.740825419314206 95
0.0197138253877002 0.00137425292089257 0.00308380282543432 0.0445268866406035 0.00541116915145763 0.00124486393964281 0.00285543936360192 0.0382205343480206 0.452647322944405 0.00119826455385602 0.000929249736291854 0.455757367859894 1 1 1 1 1.02984096249565 0.378520963713527 0.0850180946290493 0.509817961137742 96
0.176509990335347 6.74936360979379e-05 0.00198114936195551 0.363063407344405 0.1770708855388 7.39725579525724e-06 0.00162165216214715 0.366922384718798 0.365914519914328 0.00172373618587107 0.00144884379819217 0.452059941445844 0 1 1 0 1.80826173443347 0.45680502965115 0.0636956105008721 0.890211947029456 97
0.0531222191059314 0.00117260091978216 0.00476921325464231 0.246241419344529 0.0761850964969234 0.00113154075331233 0.00518501874981008 0.247524011222335 0.273448148224865 0.00240073432722487 0.0021178111713812 0.398133202653228 1 1 1 1 1.46824479103088 0.648094429867342 0.120551144005731 0.435484500369057 98
0.064999838337648 0.00556248053236112 0.00341315603656878 0.612313540857149 0.0813473796167047 0.00530685544629561 0.00420628865979375 0.629109296315354 0.320327627060847 0.00458223821920878 0.00250749529647704 0.443119934535788 1 0 1 1 1.47360026603565 0.987892950186506 0.103742103092372 0.241834082407877 99
0.245509632225661 0.00130369215895893 0.0227996726512663 1.46412390754945 0.255457889984713 0.0017085557550977 0.0211428442069349 1.4773463092161 0.455460749394354 0.00567741251415643 0.00265797726936214 0.47779528183903 0 1 0 0 1.15167446900159 0.823573026806116 0.0906598328147084 0.205427017761394 100
0.154854739485093 0.00197923525849637 0.00912569468815039 0.347914255724416 0.133572420495619 0.0023037655600618 0.0091855831123017 0.321164016016633 0.503511275548435 0.00580020193936892 0.00408804580913907 0.521218144029192 1 1 1 1 1.52716022077948 0.737695465795696 0.163626953260973 0.696092047262937 101
0.0438982008106073 0.00247684419076011 0.000102246249200023 0.256604744549332 0.0571564001050946 0.00239283822387169 0.000216930500922038 0.240227781437148 0.241637439081152 0.00334348894543379 0.0025133717195045 0.336319553114558 1 0 1 1 1.63577365968376 0.986487993504852 0.383424478117377 0.388243217486888 102
0.0516426918209633 0.000505467685000906 0.00181892581501979 0.251085481120136 0.0787902491405323 0.000434216212246689 0.00231622646204164 0.261228164061255 0.336994326411121 0.00327649682494346 0.00232165981514476 0.463086540896214 1 1 1 1 1.46793189179152 0.842703562229872 0.161054811673239 0.388288215966895 103
0.146652984718226 0.00233718320347898 0.0056053976015023 0.376188537411029 0.127642053676322 0.0023322108828516 0.00552384781441439 0.373141159899943 0.326784279551896 0.00328667528652904 0.00272380628866759 0.441111478554469 0 0 0 0 1.83091538213193 0.862672008341178 0.3240014645271 0.786945214029402 104
0.00703725296583553 0.00293954492581104 0.0195943809058593 0.0127983704774138 0.0546347606179903 0.0226697281215057 0.0691938064294772 0.0720521431040713 0.380505314533785 0.0202808014795954 0.0148740143852143 0.521153589587587 1 1 1 1 1.39914635382593 0.708692834945396 0.0941834254190326 0.600150750251487 105
0.0131754848997384 0.00142733980328854 0.00252685832727897 0.0521204207409749 0.00955560019133695 0.00142569669014635 0.00235638662204377 0.0268818920386452 0.335334935380689 0.00289836322144221 0.00204960295990297 0.435972287247423 1 1 1 1 1.57524196291342 0.817474620649591 0.25572235416621 0.518341111019254 136
0.134210470188587 0.00878211924360924 0.0186380568575433 0.405557456248458 0.166367094972568 0.0071203730376842 0.0185230844655737 0.45723258605154 0.527143585582678 0.00541271909865459 0.00342368945572945 0.523949020142327 1 0 0 1 0.939082272816449 0.512905430281535 0.102034887066111 0.336192601360381 137
0.07591017145982 0.000865160389451119 0.000404990195887993 0.192996685613514 0.0625349978305923 0.00086014350471299 0.00042608531485133 0.191412986306521 0.326136079646253 0.00175903731298033 0.0015781764335851 0.393624335997727 1 1 1 1 1.74703015293926 0.655755027430132 0.244433786021546 0.735368025489151 138
0.0618793837377546 0.000857577422218942 0.000870662963868865 1.56349429400152 0.0843687958664003 0.000864783045425179 0.000933176273196536 1.59545671700433 0.287844925975867 0.00322583373617047 0.00226356862570748 0.354641389955284 1 1 1 0 1.55536133330315 0.923002098221332 0.217502195155248 0.16478222515434 139
0.0184637002612122 0.00169850851162611 0.00162959187768096 3.07282729745401 0.0407046748830472 0.00128879977227205 0.0080768058022881 3.33253641395578 0.290879660477591 0.00876350591434127 0.0081464309080071 0.412189699685175 1 1 1 0 1.53820656752214 0.965009984793141 0.374760367209092 0.106090806890279 140
0.0801757217582041 0.000391011219852548 0.016025248403652 4.89786652287673 0.0458656473095125 0.00382984368948713 0.00223167839875268 4.98208939243899 0.314268339666326 0.00794133867807212 0.00902227083854529 0.567998278358137 1 1 1 0 1.42434225184843 0.802161605563015 0.235966319683939 0.0890944460406899 141
0.283808888393772 0.0232714996929091 0.0974263896939926 0.971855584048399 0.31481808689222 0.435058537119805 0.675682189617039 1.34446006128876 0.414308693956849 0.0317463285996297 0.0318533336688826 0.378298389377238 0 1 1 0 0.840781179256737 0.232541934354231 0.0478695291094482 0.209006621036679 142
0.0408963585505887 0.00444843807153162 0.0113990544651629 5.06711142820107 0.0507792773508905 0.0138616041249595 0.0249878820782345 4.87853112017441 0.457434616711738 0.0164753304394359 0.0141919624465301 0.566857614923831 1 1 1 0 0.986797175835818 0.429446791298687 0.126605201978236 0.0880732778459787 143
0.0212308231537061 0.00500860461485445 0.0128188318923969 3.18469541757333 0.069519202147803 0.00511836964785614 0.180568686572914 2.82776466733807 0.39449282110306 0.0111555222005254 0.0107108804570819 0.398565874527189 1 1 1 0 1.39671241957694 0.801504180300981 0.154004799202085 0.132380713243037 144
0.110452992453381 0.00182829899426698 0.00649363470103062 2.48861201721478 0.142325409782136 0.00187065692638349 0.00642079425719369 2.58841181447323 0.340785463931802 0.0024000830430313 0.00167278056427986 0.424046271426978 1 0 0 0 1.26962660672143 0.704531797673553 0.138853709679097 0.145007730461657 145
0.182102390412258 0.000473397898736575 0.000630919952866142 0.963050426704454 0.211210480280574 0.000348346276996863 0.000855860405142743 1.03146156144598 0.426900693905035 0.00173121692796052 0.00131782650888265 0.458270460165516 0 1 1 0 1.064552038908 0.577023763908073 0.22346173110418 0.245023691095412 146
0.401190676554746 0.00012055334986576 0.00329163606458343 3.92046255550124 0.435434368165594 7.31058632085623e-05 0.00442172610837336 4.07510885757333 0.469056716366666 0.00138778241463033 0.000912436318447028 0.478239652320931 0 1 1 0 0.750818411353976 0.406815295806155 0.0401492703240365 0.098647567210719 147
0.140626077167167 2.56648609080471e-05 0.00173773906635894 0.686069609231152 0.138113272218398 2.1758109610506e-05 0.000997100881628798 0.655083202433315 0.441102186898052 0.0119205182498585 0.00846554580445807 0.451297473309263 1 1 1 1 1.3584800651297 0.980644116410986 0.385580960428342 0.292845429154113 148
0.366754123062446 0.082090862058384 0.293409863705707 9.7416688286349 0.372325458218175 0.137116892554819 0.375566365713529 8.98150298102066 0.449150465886289 0.0923134170519953 0.0712887623032916 0.382382722539141 0 1 0 0 1.36884180223569 0.330096299760044 0.101329211844131 0.0603596139699221 149
0.123193308960523 0.000448590839987777 0.00487245616073766 0.327449840812684 0.120480254853894 0.000397678328926259 0.00378627098884163 0.340439429503779 0.259165844181111 0.00233906382049898 0.00188806607228958 0.394295156703817 0 1 1 0 1.86440014280379 0.651545585133135 0.0615028149913996 0.818934508832172 150
0.0637058503096769 0.000573825595132477 0.00350782114082871 0.243149593355893 0.0809922539381451 0.000618389256312063 0.00331252452930252 0.219031516760474 0.340763027749713 0.001581333994226 0.00130116978808748 0.416307141605755 1 1 1 1 1.38163592340425 0.527611131314188 0.117403786629438 0.448260172270238 151
0.264085369528964 0.213999834164739 1.31413620842538 23.7140858971362 0.288355376206492 0.278813780878529 2.0175756425081 21.5826400017008 0.41460536338309 0.0793138923166933 0.0497460024025912 0.396869568647667 0 0 0 0 1.05775678157806 0.177588424412534 0.0177894132211804 0.0282952601555735 152
0.348028089341746 0.00608430351413124 0.0528127630949176 0.427176456056097 0.346980570322454 0.0117674292826136 0.0631663820550553 0.422592745868803 0.451333055632211 0.00765063192194138 0.00526284119051782 0.470041739819737 0 1 1 0 1.09359874390066 0.159678103169426 0.0296433439943939 0.889958090148866 153
0.167802943889178 0.000276798925193024 0.00133380684406764 0.374063680020063 0.144274467728855 0.000137597331848158 0.00158704764253641 0.360595946246744 0.349586651126468 0.00285266233587445 0.00254070433004572 0.436527537378631 0 1 1 0 1.77112595224753 0.694236997747794 0.23965665185824 0.834020861890167 154
0.0592104163810083 0.011158273011893 0.0680081785116291 4.87117272678025 0.133230485053956 0.0483745542448644 0.105532695100863 3.98217441640767 0.178960251848066 0.0867750965121676 0.0295502011657118 0.417236720470302 0 1 1 0 1.06605137744918 0.522748469607905 0.107421365566552 0.127208366524428 155
0.22623020999385 0.0925160179763193 0.623632344624945 61.307784722683 0.214524014263251 0.122764124209477 0.911340990208814 55.3317584081842 0.376103182912678 0.0914272850726557 0.0732873280103903 0.420006000153996 0 1 0 0 1.10832266695797 0.331950969062746 0.0503867527004331 0.0111957301851362 156
0.248289041163222 0.0025326165628507 0.00799200098117503 1.78859319566558 0.26092756932562 0.00268850815976574 0.00916300721893198 1.71674113110801 0.449034140511688 0.00280858877928281 0.00148286360140646 0.483619108314166 0 0 1 0 1.07454392826185 0.687851474154741 0.0110839914996177 0.183898476185277 157
0.0821244262654717 0.00555681416445745 0.00419357222401578 0.223378553386099 0.0576619743729567 0.00554823428289988 0.00321728525636137 0.179433592888212 0.497916487506139 0.00660579484672796 0.00389925558210918 0.539273168637666 1 0 1 1 1.54691516468301 0.870410940377042 0.241996779805049 0.573902095435187 158
0.377591261584096 0.00197562559840426 0.0064343039095211 0.55844377289959 0.35010698612502 0.00224903926155703 0.00551307922726363 0.546020453796914 0.536004796770639 0.00167061933141538 0.0012194911120235 0.593968054798686 0 1 1 0 1.50341752544045 0.364615353057161 0.0393503841478378 0.978834372479469 159
0.0502797581349307 0.00368704282464469 0.00557017411083632 2.45443114921021 0.0703592378598271 0.00329941516637747 0.00570444948274586 2.43399991438734 0.336562147904163 0.00637166573809622 0.0054408196026407 0.441309092651836 1 0 1 0 1.50929900864139 0.981956452596933 0.24175894097425 0.13243901450187 160
0.193681576988281 0.098828515229037 0.20834930170886 1.42979224656453 0.155223955792287 0.098665395947196 0.819285436563187 1.32788650320518 0.399332611058481 0.157665550561301 0.112440726005018 0.521975893324478 1 0 1 0 1.0724984141998 0.895215108757839 0.0925290181767195 0.240422064904124 161
0.0781587748379814 0.000441945794809337 0.00317903428412161 0.276532256626038 0.0918735295798516 0.000522865794938508 0.0033364639174239 0.246270489534005 0.375790441264594 0.00242267301642263 0.00215916426401774 0.455419870205124 1 1 1 1 1.48978677112609 0.734454407822341 0.196147711249068 0.474906536983326 162
0.0835137267070496 0.00202700393994709 0.00246146827931185 0.245266401839657 0.115989613618377 0.00202693960975585 0.00227598103890695 0.295401199325772 0.43184096959259 0.0017417057852458 0.00151836518610182 0.479400118985551 1 0 1 1 1.12406261730939 0.569637043168768 0.178870126837865 0.381576522486284 163
0.117969220726899 0.0027170017868874 0.0056804645247384 0.358672808265855 0.143705205822154 0.00263008511921367 0.00482745570517548 0.38364319899329 0.480425599004245 0.0012473431655422 0.000871075138377031 0.515088592714859 1 0 1 1 0.98847237508744 0.4490358941257 0.0686415566597134 0.353760935831815 164
0.165501989748748 0.00326602011323149 0.0135265161416364 1.18330138192343 0.190504685235429 0.00298350123549794 0.0131119721565861 1.26892341443983 0.42538919395171 0.00617824161274827 0.00399364588327472 0.44912634700963 0 1 0 0 1.27828373992816 0.957511524669826 0.309466864448041 0.197700741700828 165
0.00447420552982216 0.00365599837346567 0.00886150458180822 0.0203358214860727 0.0133906717012359 0.00373899549059822 0.00900162593994923 0.025581424940909 0.405140380446539 0.00574391668797014 0.00404305835613616 0.428364996301908 1 0 0 1 1.52383935730904 0.979973334353417 0.392055964563042 0.419369439361617 166
0.184127986135353 0.000987809390426728 0.0267428409815791 0.132641140069889 0.166337312076893 0.0247970247391074 0.00147918075297786 0.17266976625433 0.629813478833843 0.124497003913937 0.0308496673482924 0.362877950525472 1 1 1 1 1.55932332854718 0.909628820372745 0.346053831046447 0.578456909395754 167
0.117291184154992 0.0617847640255519 0.315100467493827 0.170708979976564 0.131222744571877 0.0886308389888892 0.42156332861613 0.193450953834742 0.468160541608101 0.0857072680245136 0.058757710951716 0.417616276044567 1 0 0 1 0.985249753575772 0.596414080820978 0.0866091959178448 0.444711872609332 168
0.080373604808171 0.00170541578389728 0.00286262317082948 0.158376425944755 0.0733050389058056 0.00172168478788219 0.00300036198414719 0.173680085871142 0.432528044153355 0.00112530027255242 0.000940648939057154 0.43662524915879 1 0 1 1 1.34134643431753 0.40654869005084 0.0352221366483718 0.689255224307999 169
0.216895994980444 0.00223111837695515 0.00627151722969218 1.26604955191953 0.235881007643223 0.00225952608419821 0.00663910958029101 1.27989468691841 0.454736856363262 0.00286228024894342 0.00134635457684837 0.474337401722727 0 0 1 0 1.10192432953045 0.717693654587492 0.0351791169960052 0.215632509440184 170
0.0654679513966118 0.00118675771323806 0.00384804310546986 0.293300422554295 0.0727642507758755 0.00121293508527328 0.00368785744521554 0.280302412938393 0.186659108521644 0.00393667388949348 0.00358413762350768 0.375333803289546 1 1 1 1 1.7907443465665 0.775482065277174 0.264216295443475 0.63058475125581 171
0.181556142370856 0.000972120429112928 0.00290625255491065 0.436743039879257 0.193072341663787 0.000925289040002078 0.00282956806925346 0.441388932184459 0.293887456985103 0.00293587375528592 0.00256794389438764 0.419753090256412 0 1 1 0 1.95471557183191 0.657677088864148 0.223339004209265 0.889333772007376 172
0.225964572351147 0.00229073404084213 0.0079614578986636 0.465617829644121 0.199150450866311 0.00251375217501939 0.00979991397057581 0.424557672459023 0.479409454307498 0.00737616005783504 0.00458006334195185 0.486558564839128 0 1 1 0 1.65332983154804 0.763354301219806 0.200457122875378 0.792589518008754 173
0.0314170518782666 0.00253926125961245 0.0176457138081659 0.120600145093871 0.00739335574465746 0.00247255121124826 0.016800544751824 0.10407074073085 0.345202139757087 0.00280332005152217 0.00197515337344624 0.466958916762137 1 0 1 1 1.60199154913425 0.785008261213079 0.0421286020427942 0.565750573528931 174
0.219677818782168 0.000850532675165503 0.00144512744112449 5.22636541012047 0.246027271648574 7.38614427478472e-05 0.0153451923913997 5.34087494996654 0.461031856951479 0.00772866883130852 0.00637402496947551 0.483142818495948 1 1 1 0 0.842823148705065 0.4845108485315 0.14580877055414 0.076409196248278 175
0.0904753126370646 0.00243526129308212 0.00772009611941172 0.380901537610661 0.135560518644609 0.0173750274734771 0.0341924087107778 0.366873844520319 0.395486845168119 0.0120524587713216 0.0115579564999018 0.4043818904919 0 1 1 0 1.8381939609535 0.78171121655032 0.225660758791491 0.627353398129344 176
0.0780301879749158 9.13006649826271e-05 0.0184684701678572 7.44335408193411 0.0941524770573131 0.000145288325100896 0.0167659641401691 7.43275225106701 0.43984603313814 0.00182577051358834 0.00121976352605628 0.466571066970404 1 1 1 0 1.33564538834617 0.695099112112075 0.0125865454319865 0.0668667070567608 177
0.14897703947404 0.00314906441416062 0.00579198769939366 0.427761345420891 0.176204946546995 0.0139915157607656 0.0558340293739877 0.422746537203697 0.252631264859094 0.00976698516982044 0.00995883605975395 0.444799105536134 0 1 1 0 1.90068123163655 0.712016752688214 0.139414644101635 0.855704821646214 178
0.0198603865709489 0.00113620591048676 0.00166258958992525 0.054895689562993 0.0329921751769781 0.00113498141397691 0.00134596949946007 0.0585524120672544 0.373119593408063 0.00159758489447037 0.00134373992566983 0.4252340424937 1 1 1 1 1.42736915498972 0.477078812429681 0.0982321701012552 0.545725685544312 179
0.488262752130156 0.00215202929057395 0.00388371079105447 2.87589375277705 0.525180595152892 0.00206242704374593 0.00512498019739685 2.99846947460549 0.501203084152833 0.000949018702777082 0.000739971748703848 0.504765163350842 0 0 1 0 0.606932490132749 0.297955380054191 0.0416473317891359 0.113513928372413 180
0.066724330980158 0.00343297962879807 0.0299998016994335 0.402139913099207 0.164931764066858 0.0136056211656746 0.242745900893698 0.390348255502937 0.1426661754581 0.0243990432054592 0.0249920899121809 0.240768979337905 0 1 1 0 1.98694147402421 0.906940113054588 0.09818378649652 0.708025241270661 181
0.0563887819108301 0.00805346119416938 0.0167786807407764 6.46774601953476 0.0843591938972151 0.00904700245977173 0.0639380135122457 7.56240927714363 0.441848498724097 0.0164548405767915 0.0118182120697434 0.517097016643241 1 0 1 0 1.359236179851 0.944579614093527 0.0414148566778749 0.0452963872812688 182
0.0600611467878123 6.18237681792169e-05 0.00263966132074117 1.72044991861451 0.0587021577466779 0.00277050644916764 0.0924982649889472 1.8506359501794 0.336876023331041 0.00589209359844511 0.00493808434859028 0.538385487830269 1 1 1 1 1.43707517627627 0.920840727863833 0.0357172368094325 0.145527405897155 183
0.0784904950587275 0.000971490852602498 0.00650780004462259 0.0669079871152753 0.0728561974608966 0.000964779824942851 0.00329691427493739 0.103569226183592 0.29880896244548 0.00308687537695207 0.00322892272486223 0.505400908284454 1 1 1 1 1.35790231218562 0.496043074177578 0.0450264550745487 0.461842213524505 184
0.138955920387719 0.103326346458732 0.420778605678286 32.006173038528 0.1397842109271 0.230877335683822 0.986155261054771 32.0743100625021 0.355780283946025 0.223801287528054 0.187568459522101 0.558647981676192 1 1 0 0 1.12313216738403 0.501908174483106 0.129360229941085 0.0161895796190947 185
0.147396248040017 0.000485663545665079 0.00285308663694139 1.5758293457705 0.180346362685949 0.00046109838295852 0.00313196667568371 1.56688085708884 0.381597377012916 0.00198089395752221 0.00174833335469374 0.463979784061611 0 1 1 0 1.178340413142 0.494485738920048 0.0818103586789221 0.215526681626216 186
0.227962160893579 0.000186599776945259 0.000588048816867895 0.497856479094354 0.217778828038919 0.00020762789303026 0.00116174708228437 0.477660045334791 0.389979055674764 0.00274700873960843 0.00209666203828221 0.46456266331432 0 1 1 0 1.92045643739402 0.8031748351641 0.189802821958438 0.925824423786253 187
0.0249235989713616 0.00258476114682125 0.000793736770531548 0.327402675536361 0.0243163261523712 0.00244882847722398 0.000128591646868716 0.331745599896626 0.180239893040426 0.00464349951880583 0.00378449343260517 0.373691397090208 1 1 1 1 1.6402641357854 0.823904419085011 0.262003395706415 0.337931318208575 188
0.0791596398129241 0.00199386776672027 0.00130632747920086 2.5720359532152 0.0964204683711514 0.0018633429108774 0.00117203081302857 2.601806992621 0.317376018238134 0.00371398749192509 0.00319734073187977 0.386759493171386 1 0 1 0 1.52432573214173 0.956013550283387 0.281830614199862 0.122349533485249 189
0.197357981022714 0.00189753272232317 0.0015583928145791 0.423746709206343 0.180273978405635 0.00177847184928837 0.00168034885561683 0.424149864612445 0.352177781795628 0.00274825361653319 0.0023429833429659 0.426253464628236 0 1 1 0 1.93882315373048 0.759312282549217 0.322472184430808 0.948755883146077 190
0.0271993524658037 0.00193668011417521 0.00598037755219208 0.0923491986507722 0.0112253944711117 0.00184951950008221 0.00624711816801954 0.0931919861616777 0.290810454874749 0.00330460646940578 0.00280436309688353 0.428793620078746 1 1 1 1 1.63244640594348 0.756891311844811 0.133887659525499 0.602062438381836 191
0.0133889141887256 6.47549287341627e-05 6.51320782189389e-05 0.0555358153757512 0.00520336205199182 0.000102194305572337 9.05201304080528e-05 0.0191429003541715 0.378484336835316 0.00243967150697599 0.00186059688120238 0.466337454135955 1 1 1 1 1.53095308877528 0.755688140168786 0.286874482640997 0.512301544193178 192
0.151550334337586 0.000312473247302721 0.00480894567625505 0.978669893689122 0.191165927552993 0.000464114328611001 0.00482778576576923 1.00967320866165 0.398610222899556 0.00135173452909859 0.00114875949241776 0.410893043533977 0 1 1 0 1.16000853152946 0.323013395769522 0.0831337904091924 0.282235614722595 193
0.0149239379380175 0.00225324237104371 0.00678924273155945 0.0760169081391763 0.0421634131150052 0.0022743797354606 0.00680077652229967 0.131854547565474 0.3676401534344 0.00323245714783249 0.00229962686632545 0.449494849872614 1 0 0 1 1.52956337342039 0.934540497371927 0.284737705951557 0.397952742408961 194
0.627226520164271 0.0286896393401736 0.0357806297987771 5.29601044818654 0.623529963086959 0.0235083053076073 0.023114772275659 5.1886552073692 0.389141247703011 0.0148009885731811 0.0139903217118951 0.449862195440735 0 0 0 0 0.664563896600157 0.515438844915479 0.226062421454117 0.0837466774974018 195
0.0918636080513022 5.12457249304895e-05 0.000417540559635382 0.225665800664332 0.0724800167185216 9.96030639475577e-05 0.000334042363101885 0.221221708630396 0.334337822037156 0.00230762306640087 0.00175643369708084 0.413551497785342 1 1 1 1 1.60118129756302 0.656702967593446 0.101604444673285 0.709698690334335 196
0.299316171793401 0.00221356109550407 0.00332555608144716 0.477790784752401 0.288289206126348 0.00219838506328333 0.00340447001464234 0.473597904943984 0.498408571010265 0.00158587865960369 0.00121984798210707 0.506817987184098 0 0 1 0 1.46972951339558 0.40948500437662 0.116472315974534 0.924870951566845 197
0.0876120704138671 0.00263932844202276 0.000729927629251862 1.78684091939928 0.134822615625824 0.00287259292302746 0.000916283144272172 1.85081035970051 0.32398286128956 0.00302196904404595 0.00264904087856857 0.444112780767874 0 0 1 0 1.39173212274909 0.756239363923669 0.179174945922568 0.181657673092559 198
0.235088304622857 0.01057431269452 0.0380555109646524 16.3834217828246 0.232404625303656 0.0232660990435065 0.0893911650854254 15.0579697991159 0.42759427806202 0.0414932314926585 0.0327257335348902 0.501479716243849 0 1 1 0 0.973538557533175 0.641095100902021 0.206235908903182 0.033094123005867 199
0.199664041704283 0.0158197795911242 0.0131919574970962 0.795699646708372 0.17978886538965 0.0213907585039695 0.0462173942219676 0.65302548903453 0.432846005717505 0.022247826280162 0.0166099686292117 0.537646935410477 0 0 1 1 1.24790241103619 0.871999710332602 0.249796278541908 0.345499760471284 200
0.243387966815714 0.000298684137857716 0.00283192942584679 0.459409950254659 0.219348787084946 0.000334614546412902 0.00350613267276357 0.448076805474786 0.347978092430376 0.00204547443700598 0.00178456681244311 0.457242560458116 0 1 1 0 1.85097278701141 0.528937279013917 0.0520892816130072 0.989512429339811 201
0.144789544267334 0.00396447338225385 0.000583120434360445 0.282341768178479 0.130230343551084 0.00403043581141301 0.000462582229039351 0.28639004867721 0.413132405543737 0.00124227198366811 0.00109786265784612 0.47330581857013 1 0 1 1 1.58239646442235 0.397302686003968 0.0591805526055396 0.776961137540638 202
0.167409002986076 0.00130670080598777 0.00348444653692636 1.48086306840813 0.185048332410039 0.00556212600611573 0.015573643684404 1.66718312830879 0.346415495259906 0.00831143140817159 0.00750020549223074 0.54852496712597 0 1 1 0 1.25538257369772 0.796941115288064 0.333101292140782 0.176965203369036 203
0.172789721249999 0.000939875145549528 0.00368916392283465 0.350651990251717 0.155513702376327 0.000951663044605147 0.00389999811144872 0.346958686975698 0.340760988017601 0.00238087527998077 0.00214206369519723 0.459330397980033 0 1 1 0 1.71938762860373 0.456801910419017 0.0830688297282904 0.85228689876385 204
0.0951751759275865 0.00269419478661658 0.00214754871721887 0.336114539636932 0.0915471809535745 0.00276169450263082 0.00327710101815197 0.333305879968329 0.253247117614126 0.00388407195130913 0.00281979547627158 0.432992874779672 0 0 1 0 1.81633643060923 0.909500961424783 0.122209927765653 0.6547176821623 205
0.206846504967314 0.00946315888808047 0.00767914902965771 0.442665666512972 0.156527719977255 0.0648387217801985 0.00476706405341796 0.564132279967046 0.331508091093595 0.125821154256338 0.0282157670472268 0.444674361080162 0 1 1 0 1.15281609119847 0.679867408471182 0.227055517258123 0.377415033057332 216
0.213982559181329 0.0172963621482229 0.0158221270655724 0.320577671732181 0.182575434604609 0.0249713695131548 0.0254232348127461 0.275456203309104 0.488467180545992 0.00496220530244221 0.00312073543443728 0.527651042823389 1 0 1 1 0.972116743214428 0.23517226986587 0.0623948751017451 0.653171964921057 217
0.16579595963829 0.000588962337601695 0.00698534099115696 1.8813490174953 0.14576257321295 0.00127916353877284 0.00155714655970062 1.88201953134054 0.200824166029489 0.00739142798376247 0.00559963949526157 0.559269667920965 0 1 1 0 1.38899537175894 0.938933167606592 0.230320752598345 0.179845158243552 218
0.0457646885484456 0.00146842858483658 0.0112203059584943 2.55226087723117 0.0824109235412615 0.00146410541330756 0.0107785558081431 2.70171419825577 0.359371245986768 0.00359963198539093 0.0025115283608097 0.45156707384172 1 1 0 0 1.4663161765784 0.878443313529715 0.140916312579066 0.132981326896697 219
0.172572593298399 0.000159788296227121 0.000326414764679232 0.285289981687779 0.139943713389678 0.000184616918877151 0.000426918077963681 0.256172636605824 0.472141554816256 0.00076162060685761 0.000721928816469652 0.44497258744057 1 1 1 1 1.35554568236694 0.248671068809927 0.0762626677751541 0.73496555024758 220
0.282146455891938 0.0043799477489422 0.00611731704969878 2.59031557299121 0.29467081436335 0.00424050552832817 0.0062461600927416 2.60143521802598 0.486668165368542 0.00319526161260875 0.00223725878067232 0.496760432015088 0 0 0 0 1.1060280376114 0.774330290034413 0.270527693443 0.138484119437635 221
0.232795825438764 0.00326090888592556 0.00235387947828982 0.492279251237802 0.201795656042001 0.00311185525307963 0.0019036594301107 0.472768356934853 0.307832715399814 0.00282696751133649 0.00260067711216655 0.459046399241833 0 0 1 0 1.89588631968945 0.708557615056634 0.24153565755114 0.956799488980323 222
0.0201632104457797 0.00384217641241556 0.00102436717084494 0.249400822950515 0.0231424902226507 0.00380789591763982 0.00106544244110363 0.257228592634672 0.193010538711569 0.00536942205371749 0.00422708000455851 0.356651651453827 1 0 1 1 1.81976338336244 0.938762180740014 0.389708815608174 0.567386947339401 223
0.0453947663928044 0.00139525338283571 0.00529274097451959 0.0743231135144314 0.054828665304355 0.00135651461449019 0.0052150511908338 0.0718953297245113 0.5286639728492 0.00069420776486076 0.000559413943016243 0.519444414976293 1 1 0 1 0.83203113777563 0.218607596121728 0.0799105186015368 0.452068159822375 224
0.298489091618606 0.000137714087006998 0.0015990233738251 2.0488490348138 0.339370396951927 0.000191235477837335 0.00181656125661815 2.0980209749628 0.466576211253086 0.0017794481464028 0.00141392558706205 0.491732973659268 0 1 1 0 0.837685819715261 0.445561016211286 0.169446449261159 0.158804856706411 225
0.300026483090943 0.00153823425047062 0.00644624742659501 3.35012428252317 0.340713075795608 0.0132300007513306 0.0284220100959718 3.74416187280693 0.478846981832423 0.00732706650604797 0.00603332349314468 0.46825917734185 0 1 1 0 1.00655668321997 0.762241031508893 0.066403582226485 0.10132193681784 226
0.157138447105068 0.103287387331148 0.0212658169006268 5.1779690403697 0.159184127470005 0.0840292015281802 0.0675470963263485 5.21003631659378 0.451295443893074 0.119023973491647 0.0795050283342957 0.427774238098511 1 0 1 0 0.908536927308887 0.717416331870481 0.205439436249435 0.0808513481169939 227
0.157010013621808 0.000620345218799675 0.000834298427085879 0.274993214782362 0.111367103542004 0.000382212211979138 0.0001506457477085 0.244492131645705 0.427629175390895 0.00128129231950175 0.00135985682261955 0.495707453977435 1 1 1 1 1.44828481273726 0.252548420568928 0.0846782319713384 0.707542415009812 228
0.080510714985945 0.00175944874497422 0.00496457451499388 0.354773373683472 0.10690024840996 0.00180211386308061 0.00416719523180194 0.332160841256162 0.340316028809877 0.00256756463375474 0.0023488256553631 0.465524265489406 1 1 1 1 1.33494819235057 0.584868450183421 0.162979480344802 0.411473485641181 229
0.0909846821420101 0.00134306268144736 0.00177593315091242 0.299850106874487 0.0832514704279326 0.0010288817237472 0.00174876954208975 0.295330791439354 0.218009690082024 0.00335189753906195 0.00266677985558672 0.375596630325601 0 1 1 0 1.8392418762669 0.801497071515769 0.217258434044197 0.73130578850396 230
0.0274198850384637 0.00139107555490211 0.00149675939692044 0.150711957836874 0.0394147053623082 0.00559279568283165 0.00696533326513146 0.142902413141053 0.169564283495814 0.00505793041834746 0.00492290221360653 0.369902491725422 1 1 1 1 1.72145139519125 0.823352826060727 0.240905507700518 0.4935855534859 231
0.136943422654284 0.00391669976094712 0.0180895197384824 0.278982462729906 0.145145247882986 0.00475530676170313 0.0184609801176315 0.299638248885536 0.476929252836372 0.00335393534189443 0.00216817871772496 0.482394408655757 1 0 0 1 1.45034931367263 0.608633858384565 0.263107093283907 0.711544458055869 232
0.145824283459814 0.00187120141681891 0.00465658229758763 1.55816185676544 0.166541027655373 0.00195064225677212 0.00500333202500077 1.55615335102253 0.405831205908004 0.00187820652041681 0.00156393727042091 0.462509454121178 0 0 1 0 1.33685864880681 0.614469251828268 0.113146059215069 0.214217677945271 233
0.245471308974771 0.00231600968388202 0.00890585172787988 5.88279712642435 0.294865442817878 0.00183563239660587 0.00857820270300377 5.90342588406299 0.373030019144227 0.00253669846586713 0.00330827080317236 0.534880389868632 0 1 0 0 1.00324484985322 0.632390009472147 0.240826082648709 0.0664451990742236 234
0.0234928769337742 0.00914213855196598 0.102212790299729 0.0718282155554703 0.148670238459236 0.0119162341883697 0.180301269536307 0.00408120899320592 0.929133475787313 0.0364374784314137 0.0267547139966328 0.546292362374401 1 1 1 1 1.57469424372539 0.918568234657869 0.0744686301331967 0.342334853718057 235
0.0173167055573591 0.0026407437750794 0.005443717020205 0.204058526879395 0.0293129458284776 0.0026634623284455 0.0057604325654948 0.190025151421798 0.104773093098297 0.00402289237072773 0.00268088623828847 0.342169526944524 1 0 1 1 1.78813740937039 0.91307457559742 0.101012578234076 0.487633841345087 251
0.0553693271490419 0.00154574669695741 0.00372447981843617 0.373409391518714 0.0848368470483467 0.00165461720795903 0.00438280363163445 0.362494501578761 0.138742731697043 0.00516812985771276 0.00439604355411416 0.313320782048071 0 1 1 0 1.92218704707921 0.935765326721594 0.281254440546036 0.573805344756693 252
0.058255548242056 0.00239383166973276 0.000592257095658025 1.1860249784532 0.0878703301257444 0.00235877226713416 0.00108343680858073 1.3267108879109 0.291661494376476 0.00264739013377657 0.00277090933360144 0.470133299018828 1 1 1 0 1.2400305615738 0.409042612183839 0.151793584693223 0.216700365999714 253
0.0365822159649673 0.00299711560075602 0.00254569345485902 0.778844482171728 0.0432777866010235 0.00280229189973901 0.00235366994372592 0.792304161157717 0.205791731166419 0.00354044903012674 0.00301216391385312 0.381881835196367 1 0 1 0 1.63544499548152 0.902533745625988 0.199883616063744 0.24738468718715 254
0.0619644364691567 0.00167562994023626 0.00206570593335245 0.198241637984141 0.0701747726928696 0.00167371283246597 0.00203416718729233 0.203832517399427 0.174942726987492 0.00369329486911929 0.00272296146969155 0.330171945487024 0 1 1 1 1.61720623308793 0.955123517196625 0.0827891586814076 0.368115686113015 255
0.0535723802952911 0.186067058764888 0.243722604380059 0.029318961336166 0.0105059832775037 0.0986475060304974 0.720340566238424 0.101652709258482 0.41880531519267 0.0338305563747698 0.0375874651105702 0.483147187674179 1 0 1 1 0.521806317381561 0.144237740896642 0.0417226436547935 0.395344225689769 256
0.4675514182859 0.000951862334402493 0.00860934035366588 5.87153316345031 0.524081146170076 0.000971234342315274 0.00809694411704154 6.23501403156505 0.486550453052047 0.00349234092574724 0.00254982657748098 0.494530105005528 0 1 0 0 0.711853267624974 0.507010634988546 0.182860912987962 0.0638208058662713 257
0.00695200182041679 0.00140128163996323 0.011259467248406 12.2508310037681 0.00826927176467776 0.00137304002663166 0.00888271725101623 12.2554601684382 0.478576872052241 0.00233282850388539 0.00131741777464417 0.483610515151352 1 1 0 0 1.19542298233137 0.573836805298924 0.116344299167395 0.0366433025337756 258
0.00850127598193566 0.000294359097092113 0.00569980619366354 0.0526154952516525 0.0220851989175179 0.000323710216356548 0.00539907940680163 0.0411031831710946 0.322466562462343 0.00286911125784295 0.0024055041893441 0.447245561053722 1 1 0 1 1.6240174616687 0.764604459283873 0.288131225388497 0.577654595021158 259
0.067030805708837 0.00337282403408813 0.0019669284868516 0.190037601591496 0.0593825432078652 0.00336687736320268 0.00200387335218648 0.20286331810865 0.299246525869567 0.00289093244263416 0.00206946921212409 0.384982524207726 1 0 1 1 1.74992245435715 0.876158735016361 0.303989207837731 0.66394605813548 260
0.181091425785768 0.0038926833923812 0.0203628247353966 4.5429277426653 0.223142277023047 0.0433448025291091 0.0618874561612874 4.26312635453693 0.590020181297823 0.0194699749998878 0.0150605452678385 0.58004602116838 1 1 1 0 1.12026097625494 0.536073958966881 0.100445128977299 0.12252656230703 271
0.185475529680049 0.0093183720383955 0.0304413905833151 0.386436898486996 0.19753828188438 0.0107655914434507 0.0253838136974341 0.412546376895595 0.476441471942612 0.0253523464013635 0.0163991057085707 0.530087278933335 0 1 1 0 1.84327095746994 0.913819298846647 0.138221374480054 0.878319996874779 272
0.0316739984728405 0.00237791646497236 0.0024140739861792 3.37950694860684 0.0589752821244173 0.00211159272724733 0.00250206496659168 3.53971897100814 0.327224793040609 0.00327143603305025 0.00272081509737626 0.37396029665731 1 0 1 0 1.52809293754399 0.950500389561057 0.399249396519735 0.0965228015556931 273
0.0168029186128247 0.0118879367438745 0.0560788768280557 0.956990827567622 0.0240221858374276 0.0350170102637454 0.326809221166464 1.44253668722718 0.456180565440197 0.0537512238577429 0.0486448456039113 0.308118468173339 1 0 1 0 1.500050005503 0.997921239351854 0.151887108106166 0.182090602582321 274
0.0353564819340316 0.000312180845267677 0.000317810714805723 0.18913456330853 0.124671585067054 0.0334734854532163 0.0243980617645688 0.201200210215986 0.260194822545358 0.0200781322450366 0.0179990777042342 0.448724722943699 1 1 1 1 1.70208816137165 0.719789093127474 0.151584261795506 0.54795736214146 275
0.184266980767148 0.00401283735409543 0.00588982907488141 2.91235739924406 0.235069601677538 0.00387474979861485 0.00561696077128916 3.13741159797115 0.39523031574447 0.00407060662220937 0.00387817846291164 0.491729956754026 0 0 1 0 1.13958943914622 0.778432087274268 0.214409601408988 0.108317112317309 281
0.000609720140953058 0.00322071592286454 0.00209438224672834 0.0152930691951629 0.0194938014916727 0.00324082754954947 0.0014248187876344 0.00281213949915962 0.357411550510721 0.00227221296804536 0.0016117621703803 0.446207346359148 1 0 1 1 1.58546875836328 0.766697247512639 0.0901324290316552 0.544701796490699 282
0.0256404160126653 0.0251923664703471 0.0148137086028779 0.0833172208586112 0.0265149328259987 0.0251331782921918 0.0141429257163182 0.0855326465821964 0.493467055902438 0.00505615630916578 0.00374327939116587 0.493075384319514 1 0 0 1 1.46402684506029 0.906877311412245 0.383161519886926 0.452099466929212 283
0.424780795128997 0.00271673283517604 0.00108948417829042 2.67075336414397 0.403338069665075 0.0298607949367653 0.0201785122085183 2.7873170389937 0.385370659508735 0.0145503295927909 0.0136244891120953 0.529653042964044 0 1 1 0 0.722954983823001 0.483353991061449 0.22358331666328 0.142515388317406 284
0.204705381344312 0.00091453940708049 0.00160466401389521 0.635717032739997 0.211464226200654 0.000922141683907547 0.00177976591779762 0.62404608452995 0.462277608242452 0.000901986769430541 0.000646483266108222 0.472939411850739 1 1 1 1 0.931502673309296 0.387704362859949 0.0741710066795349 0.313856648746878 285
0.231825526118835 0.00353582526240143 0.00217037603325564 2.41209939633688 0.201531785906368 0.00342944801834381 0.00120109616785686 2.38962961404468 0.58232817667282 0.00157734268944976 0.00161199889489338 0.431074540884569 0 0 1 0 1.41005909396335 0.244683145079762 0.0340878223069012 0.168682067422196 291
0.495914966613818 0.104732604146801 0.360873839567207 24.2989457399248 0.512815657414518 0.113785781753577 0.446750014614397 23.3504610481769 0.417078584091635 0.0821563239307218 0.0741549872942463 0.396774113899719 0 1 0 0 1.57352373283356 0.280302762752399 0.102956929709762 0.0256734718568623 292
0.185393908146256 0.00999379483568025 0.01445149065177 0.324754484587953 0.177532407514785 0.00966772241490452 0.0194808371962296 0.317291187953468 0.370801370251596 0.0353789321792292 0.0154300868190871 0.434092707949711 0 1 1 0 1.58305845782161 0.7338429200463 0.200736505445093 0.791931932559237 293
0.1249293426097 0.00253572815651328 0.00501225054148484 0.681497287052405 0.144181800923852 0.00245170756497707 0.00476630959015541 0.700861507288542 0.352507694709703 0.00274818569326518 0.00202541346448887 0.410148798569601 0 0 1 0 1.38606266444549 0.802799242548645 0.0877237906679511 0.320161047624424 294
0.303043730443602 0.000874336906427793 0.158655935234383 2.16155105629976 0.331810936609562 0.0011082500016318 0.150851515754078 2.30601315158115 0.499985352338381 0.00194782145807504 0.000910590446882431 0.510235521062849 0 1 0 0 0.920055143535137 0.606300436891615 0.0130039346404374 0.13817943376489 295
0.114616055220217 0.00304396196611332 0.00410371376796098 0.371042434472952 0.10998584986582 0.00289869958719979 0.00417337695982499 0.361124564419043 0.260457803735108 0.0040212600698547 0.00309133489469873 0.441414899776707 0 0 1 0 1.79070469737053 0.89083138667047 0.162868660409003 0.670584966195747 296
0.280667129802745 0.012796787703558 0.0900857538931733 10.6851348184511 0.30498047277639 0.0094951507392568 0.224107014994001 11.5805846239604 0.452815516016617 0.0677227939958854 0.047703916733569 0.418810283182481 0 1 1 0 0.964187714736909 0.769710404565558 0.0440899557434022 0.0390170158352703 297
0.901548007849794 0.00107762656732836 0.00215770856503246 7.18393993452114 0.881246949844294 0.00113414439356444 0.00259631429644197 6.98550025105786 0.470302117755672 0.00134599727908102 0.000846387317648495 0.468741611600981 0 1 1 0 0.503987782634795 0.297510974574834 0.109791579656303 0.0641074627637863 298
0.0278455655305707 0.000372473250709012 0.00147537243080255 0.202415784093853 0.0354001711401011 0.000331164815625045 0.0015554465741169 0.16950711270046 0.157752346662732 0.00361174462352243 0.0027759230457553 0.295081078728402 1 1 1 1 1.71992877870798 0.962288394104689 0.323554534465075 0.362579485634342 299
0.194952991622507 0.000322502588843574 0.00117353585992498 1.07328857832299 0.212485415328383 0.000356701491877792 0.00133697784643455 0.999086929396937 0.401285641194206 0.00134240437143679 0.00119359771667288 0.444918533135742 0 1 1 0 1.11324390536174 0.352434324100614 0.130861902842298 0.289780315943062 300
