"V1" "V2" "V3" "V4" "V5" "V6" "V7" "V8" "V9" "V10" "V11" "V12" "V13" "V14" "V15" "V16" "V17" "V18" "V19" "V20" "V21"
0.0547541020349708 0.000726706476815421 0.00118190060085543 0.111479120704938 0.0592892841298567 0.00129364137404361 0.00192202465539307 0.126752875619028 0.18579787113416 0.00233814109447916 0.00245910182813056 0.182577897049882 1 1 1 1 1.14665266964585 0.309101206250489 0.132272714981809 0.566016362980008 1
0.0314562925708347 0.571191171068063 1.11228716827658 0.351970720253179 0.015539695559554 0.719844366522548 3.52451808582485 1.0003237350075 0.794033903336541 0.303687122789362 0.113581055272266 0.430361837476482 1 0 1 1 1.0039397617802 0.326628328999504 0.0247715967707336 0.162711632670835 2
0.253536315081406 0.071582448781922 0.0726854175891452 24.1645020466616 0.253141982148704 0.102022652374555 0.0666283882796364 26.6282822019623 0.419276855669761 0.156817992568908 0.177899553156821 0.424967170429081 0 1 1 0 1.54005571315065 0.942784613231197 0.36185066960752 0.0127429524436593 3
0.00810422856657439 0.00203613987657087 0.00189426127259307 0.0906390230275017 0.0180742963845007 0.00208192779294108 0.0019093076465659 0.195398829797359 0.0140851033018519 0.00256047322429859 0.00147646713365574 0.0334452601460742 0 1 1 1 0.701285149902105 0.456748500000685 0.0254929212387651 0.0783239570446312 4
0.00128297795422309 0.00168870563148433 0.0055198785536371 0.000654286223335797 0.00837297816532094 0.00290647136409032 0.00422237096146193 0.0246929276411144 0.142547551241277 0.00304829043327504 0.00207387699300192 0.133318827422089 1 1 1 1 1.33121683495119 0.304883275413886 0.0177239710465074 0.692625114694238 5
0.0848552733414795 0.000212144938201664 0.000403420149427341 0.170920161636872 0.077989258972988 0.000546687340913709 0.00100500967136897 0.159316894072226 0.205544943309484 0.00358211937178055 0.00354473606965008 0.212460460987583 0 1 1 0 1.79029444232583 0.684289930388331 0.149843604303896 0.869767326395959 6
0.0635829668190454 0.0049044848987101 0.0525900214510226 0.0934433193872727 0.0326505537606692 0.00522164185000862 0.0512750862377495 0.0331860482514561 0.242913189444764 0.00885189902279893 0.00562454166819246 0.254140455044947 1 1 0 1 1.14349149307236 0.536283893976361 0.0915618345607072 0.524219667539001 7
0.0907352812640555 0.000189171972927214 0.00117031073330799 0.22248071758526 0.074497834214366 9.44180034918861e-05 0.00175596334303223 0.182290151122481 0.0926403862066565 0.0027258452604898 0.00259288917324252 0.0988792248638277 0 1 1 0 1.56050599738955 0.637203397462144 0.233300005318597 0.668867945903912 8
0.0338816691103725 0.00137822013735953 0.00211613831990964 0.127686838162779 0.080998034587461 0.00123517640031068 0.00458774280305808 0.22814122839593 0.170662882662021 0.00229251372366529 0.00199904403540694 0.204700459713496 1 1 1 1 1.07441852940246 0.26117097097449 0.0339893251657486 0.349979129619896 9
0.0456436042561107 8.27038062905547e-05 0.00226207398504323 0.129278206782923 0.0547400088339695 0.000134640578896639 0.00234581035112095 0.1389077272488 0.134033220287172 0.00131564637453724 0.00114723998828354 0.140987405999301 1 1 1 1 1.06817620107904 0.28374484134838 0.0390948338899761 0.405133123509586 10
0.0593168375522614 0.118168861870622 0.411162267758959 2.34080945487012 0.0373438051150682 0.205902020151492 0.587472249698799 4.69392323274918 0.242806964528825 0.188455617393726 0.112515259492481 0.182378990387894 1 1 1 0 0.513322463724762 0.415628093760461 0.0779313575476408 0.0305227264761925 11
0.00685893489843016 0.000106300669968571 0.0025294248802473 0.0227946651318412 0.0204243250374968 0.000384104519257352 0.00253765667344985 0.0486410175297893 0.115957684267972 0.00143543820525438 0.00151690320868161 0.129368919944619 1 1 1 1 1.25396963302046 0.259086672216654 0.0873338542878628 0.453100867336616 12
0.000927047497582518 0.000257171098390633 0.00746159284876881 0.0624118963280976 0.000675188971869168 0.000328851079187891 0.00734295087292643 0.0604453563141458 0.00710784827294342 0.00147606741155326 0.000987265684407559 0.0213445651941514 1 1 0 0 1.28867208724841 0.56205772398971 0.0713672018609941 0.313750441418961 13
0.176384300919278 0.00137864874010475 0.00415917433307258 0.373760309903759 0.161842891614228 0.00132480144761672 0.00452181782985787 0.345705116410866 0.163826914563908 0.00272766481621811 0.00202061022477207 0.173763363097165 0 1 1 0 1.99554483033717 0.776968540856615 0.201026257826015 0.966969619970769 14
0.0286188666319997 0.00132727405393125 0.000893480069323351 0.0704182281473691 0.0444759302075243 0.00138803779176646 0.000915894106363245 0.0996624081171537 0.243161308565622 0.00146308354746771 0.00121855590978603 0.249595178162007 1 0 1 1 1.45113623607904 0.517861147643998 0.144224777352065 0.605628827819601 15
0.165539302012564 0.00124278231831145 0.00294055986545788 0.399179525108194 0.161498599613615 0.00112638326348557 0.00269891413869687 0.395342794556782 0.284053106765158 0.00500335729974488 0.00349321101495581 0.300244840937489 0 1 1 0 1.77554774377495 0.910309325205162 0.332796147791669 0.74725797213614 16
0.110073030408685 0.00075515794927546 0.0031683352132259 0.228810049214614 0.105225805388846 0.000852792974037963 0.00324249126411602 0.219835851532938 0.176374949718711 0.00242012113513657 0.00160966782729922 0.180852062210766 0 1 1 0 1.99290022393689 0.811510586645454 0.0934409152250737 0.969843920785934 17
0.0158579324270015 0.000466032542345391 0.000759133480857286 0.0954036703751658 0.00140235584344377 0.000284988343468979 0.000751254901026614 0.0474532286039619 0.0565964616962877 0.00353183350198383 0.00260280097697352 0.073192022672611 1 1 1 1 1.12181222438812 0.652303830254823 0.215611922554672 0.297541262814775 18
0.0111586541168314 0.00429334938178752 0.00477588508642789 0.0186287631705517 0.022597815414468 0.00426473491803126 0.00436925088916021 0.070389798832603 0.13512611968525 0.00387236601574392 0.00316496765607044 0.152968830852621 1 0 1 1 1.39790877746418 0.711442576022819 0.272970167221501 0.492779911495745 19
0.311167654901183 0.102329973323272 0.175065547468235 0.451145528557794 0.351692743473619 0.121274369899596 0.160787106564069 0.571284433478314 0.486991797765019 0.149244582151576 0.192757188073445 0.434317070896039 0 0 1 1 1.49513221206143 0.969297251896933 0.276013411115855 0.208839517552406 20
0.0279869600973385 0.00233386439631484 0.00537095570007795 0.145767579335679 0.0285837552041615 0.00236477608564926 0.00564707007961083 0.151935788183506 0.0256964904144086 0.00175225023889125 0.00115575807580855 0.0432147631349372 0 0 0 0 1.05361191835254 0.57580360583961 0.0995876919478178 0.290397075936198 21
0.00445912622428043 0.00114975587755967 0.0078031017127719 0.0431072479819445 0.00386971174565865 0.00117153958575415 0.00826475742337743 0.0501851114851971 0.00646938773228067 0.00116668814981513 0.000865057955089087 0.0111793754598846 0 1 1 0 0.954917162191123 0.356173918116838 0.0360350233968347 0.189678232418373 22
0.131975820112556 0.00354013850004378 0.00478826677435064 0.308867528552429 0.123742872064496 0.00348265216229732 0.00467671240763268 0.292504651888566 0.234558282373241 0.0035505249191613 0.00265140996342134 0.243523700906565 0 0 0 0 1.90559195447713 0.899211432784796 0.296899850713089 0.858766416320577 23
0.00931083860168326 0.00629661724598711 0.0111165261611724 0.0181390158517116 0.0124395088219537 0.00777724069446001 0.0112678085612024 0.0142059433617421 0.249916102824989 0.0130234390226126 0.0138790266717706 0.261083633871475 1 1 1 1 1.44636415783316 0.339705681428313 0.107949075521901 0.65327877108939 24
0.00831436912672435 0.000145026427357621 0.00154750182606358 0.0147619937239076 0.0226415240004938 0.000280185421943723 0.00151431648932331 0.0382239741058511 0.237150198776915 0.00493356299174086 0.00535946932816905 0.246781377939166 1 1 1 1 1.32452690880746 0.388966808328405 0.108819713583216 0.56022155075334 25
0.0598549813367717 0.00293093249044221 0.000112452408218767 0.147589395765073 0.0410024441597524 0.00303824314532706 0.000152974801000171 0.106879383649037 0.182046257767505 0.0015160368367545 0.00113415829951393 0.197297778509372 1 0 1 1 1.62347775837407 0.581902888603508 0.0563015448860824 0.706641011638567 26
0.35564809003241 0.0288797540323958 0.155439965127632 0.527194324751614 0.36751651475893 0.0668551426952677 0.173308568574782 0.404805172680138 0.59893792194038 0.219806035585698 0.201000615720318 0.499330627350114 0 1 1 1 1.53594088042155 0.81922329030931 0.305421998491511 0.338864039396867 27
0.03679682871788 0.00537042859209838 0.054418330768244 0.0581832246518313 0.0536718263938596 0.00651940187494672 0.0861300805540088 1.43588222286093 0.162019006850766 0.069399797835073 0.0780847701957617 0.269107017205697 1 1 1 1 1.15449209976941 0.887741309823468 0.262252214364707 0.0839636714663357 28
0.011168048870174 0.034990242802917 0.0463596816302022 0.081532753504405 0.0224360847215961 0.0369418672312715 0.062907487205204 0.0923455415305699 0.318020588372631 0.0685973607875598 0.0551579768396989 0.330411765384409 1 1 1 1 1.33023223374039 0.746596497716382 0.208682954544201 0.583391360472888 29
0.00317639257881021 0.000682163029350315 0.000529403883394528 0.0311623997276619 0.0107235572118507 0.000669784725121929 0.000618740606898653 0.0606998229184743 0.0886599505887466 0.00468324546039378 0.00364856035805239 0.104641819044794 1 1 1 1 1.33386314334348 0.872996591031551 0.203180402750149 0.30182553594932 30
0.141767099253004 0.0213968761055052 0.402073139648072 0.623974317668845 0.042671734006692 0.0811732518047922 0.564185353183575 0.350675870727522 0.295363972084441 0.098836951064854 0.115331670272891 0.341408427868624 1 1 1 1 0.688756848219782 0.274017054587603 0.0872250210959464 0.193582792533562 31
0.00320975285962396 0.00298169456771079 0.00110227775783595 0.030797526584258 0.00492558814766154 0.00334122535743636 0.00127368089834057 0.048527973714543 0.0136869041681273 0.00487900356671422 0.0047510609828792 0.0242353289381491 1 1 1 1 1.29387468472123 0.575448069022968 0.175699963932857 0.262439309619367 32
0.363239680836013 0.0246613954849507 4.19192965989822 0.431792880118929 0.381515254115135 0.00666645726251817 7.80872952930583 0.337307268857785 0.675153229659446 0.182013353063509 0.130097709465751 0.590361200563227 0 1 0 1 1.75933794490993 0.813062491128221 0.0136818464379758 0.553855386795476 33
0.0108946487820925 0.00158489555877009 0.00113203939320422 0.034421841137684 0.0160063408027245 0.00203583231306804 0.00305409684046197 0.0524743273403407 0.185971238464416 0.0142443208000854 0.0136230294565102 0.18967678397437 1 1 1 1 1.16705680824816 0.476208231644705 0.181993168545887 0.41035085869953 34
0.0251738985590356 0.185528460377965 0.419260574974572 0.133093755081902 0.0861481842146425 0.183994078155022 0.925639823238389 0.476507265799041 0.437751696765497 0.223976719501541 0.0852297867136158 0.230621504651924 1 0 1 1 1.17711958056316 0.644914431497455 0.0495403523091227 0.143317127134651 35
0.106575131422753 0.00473599170296821 0.0031004666374344 0.267327094381824 0.106395268115686 0.00650203379998952 0.00720837088432367 0.263730965788681 0.317576407441559 0.0269475189547963 0.0246401101339593 0.318256564047935 0 1 1 0 1.68119246279821 0.769982621539384 0.222718141041696 0.688786606071517 36
0.0435531542589594 0.00555834560592076 0.00215519600127986 0.118009582850969 0.0428502364046736 0.00895898587769639 0.00471451538265894 0.135447570827969 0.425690603883448 0.0130045514720534 0.00989746019583149 0.445944223816293 1 1 1 1 1.64126262674108 0.619784055510536 0.251746017718688 0.749476840021089 37
0.00141095449419284 0.00186544415763041 0.0164931492129053 0.00904610943090849 0.00443544924350518 0.00172463496593391 0.0163770315054389 0.0453472499506146 0.0125083254700828 0.00246832810113395 0.00120410648986238 0.0291175860945158 1 1 1 1 0.992088751867414 0.57340398314409 0.0101286671124399 0.198892145883292 38
0.137797050675034 0.00169926600344942 0.00246833548354033 0.295509336683794 0.117943309954778 0.00212411260481045 0.00163325038030372 0.268629487998213 0.266372385827564 0.00162430400600211 0.00157936931857058 0.291352702081913 0 0 1 0 1.76681672409177 0.479268473107368 0.193412908585742 0.854545774869621 39
0.0447068636733584 0.00161804669039891 0.00160656466098553 0.0779147197854023 0.037311710177981 0.00166503927259398 0.00121953070809199 0.0675836857361229 0.11813528513002 0.00124564812338257 0.00115910968853214 0.107810495449745 0 0 1 0 1.54564368957654 0.386336194816977 0.126319787232205 0.807476628338918 40
0.0179643471869253 0.00246780247878997 0.00501571410340535 0.0548472585177158 0.00427934492535476 0.00228750114875082 0.000165198120414384 0.0244093120906664 0.141448029521728 0.00304072411729039 0.00223746057925393 0.154136893186348 1 0 1 1 1.59618093259633 0.745609080651775 0.0292485177051276 0.627908543683589 41
0.00590360852823696 0.000213772125519414 0.00373255836619287 0.0543112484226734 0.00494467063324876 0.000282530100242099 0.00408705854473263 0.065438432133735 0.0157661200941706 0.00241545225384066 0.00168743417429112 0.0493523312385835 0 1 0 0 1.80037733260542 0.866887699812651 0.227296380093321 0.50001604296267 42
0.018145235710122 0.00523315955300692 0.000577123077711643 0.0479004260586321 0.00178739547056515 0.00509292735542281 0.000569354609654305 0.0414671043167234 0.0916453990379421 0.00486775604182843 0.0032463975567027 0.102704149438186 1 0 1 1 0.917455810587853 0.568465084536001 0.130019178846851 0.214686037972569 43
0.062016045272376 0.00305749703549411 0.0193773081339062 0.11650664220155 0.053211097549952 0.0134745935510183 0.136025688572274 0.0256929708856843 0.229321489346063 0.0518943969810397 0.0476267662478589 0.343007086256689 1 1 1 1 1.42569329869002 0.609800279606134 0.20088469539769 0.445968879153952 44
0.0376401113506137 0.00478458929833505 0.00154410867966919 0.0716807195651083 0.0734131877396175 0.00754127432236619 0.00655548138914375 0.142857646302904 0.167664395414382 0.00712910319242127 0.00639171548580973 0.169241296066347 1 1 1 1 1.65019747801125 0.363643967080861 0.119411256629974 0.937808546470478 45
0.0455858384153239 0.00105877686243234 0.00247100143494148 0.123024849472532 0.0381998857844755 0.00130888527792467 0.00208347303943085 0.109875368698353 0.183874600122536 0.00276533395215373 0.00207909428293851 0.199497251282692 1 1 1 1 1.78900625696406 0.717816187534481 0.0812688719015568 0.786931170150638 46
0.0200888599549861 0.00412493713030067 0.00164078343684746 0.0365386709594759 0.0456580515997062 0.00485668091918236 0.00326026632228402 0.0940712571576026 0.225229804500734 0.00364291741602119 0.00269289132179742 0.19866753863337 1 1 1 1 1.42885018093511 0.269676957046613 0.0272253048606217 0.729943894781172 47
0.0077207432739062 4.50375475042148e-05 0.0066513218709368 0.0519442367708946 0.00730986439410561 2.73396547387741e-05 0.00715088263270593 0.0575924160912136 0.0347025318980287 0.00252808135906457 0.00131020203798515 0.0634637307070643 1 1 1 0 1.96896930364892 0.975077951094136 0.0839453472290188 0.565432354342192 48
0.547850791027757 0.143293547934293 0.7365845881762 14.2811762460494 0.532222466207228 0.198471766065153 1.07339215805515 15.0035853315193 0.42324378359402 0.099335610187715 0.0628384782517483 0.43538928489866 0 1 1 0 1.51161306584254 0.290656073018909 0.0330888901371509 0.0330038003157824 49
0.0829451840670358 0.00134167121012309 5.87071595218817e-05 0.184240558157547 0.0750022795802957 0.00131833473057071 0.000513674860727874 0.170705215572569 0.205388101892127 0.00208345639149132 0.00163716025776542 0.215606312801573 0 1 1 0 1.70857795840129 0.686871864832938 0.0787511875387281 0.805885064415634 50
0.224443991247869 0.011843904970182 0.0206028811548613 0.459540808758877 0.216671011691149 0.012393627955392 0.0163992882538499 0.452941567390191 0.42292962686191 0.0172869130343024 0.0135648989513782 0.420454862297808 0 0 1 0 1.75077651347965 0.786248719086871 0.175236573442817 0.887656368780881 51
0.0648377240080517 0.000251342820236615 2.04752322031204e-05 0.137695088233173 0.0539509685762163 0.000598953157468798 0.000156469338649588 0.118618381174202 0.168544539077933 0.00333792204769146 0.00268826548303808 0.177464292609518 0 1 1 1 1.4147145729512 0.573537597432733 0.20333709823899 0.659218210494146 52
0.00221970490311423 0.00125764101346101 0.00436939833811776 0.02887414572238 0.0476328238976952 0.00102051222466374 0.00342085030699257 0.138604631065896 0.0436908057748215 0.00374458744312411 0.0036524961834217 0.0665421662803753 1 1 1 1 1.08593318285421 0.375244610244408 0.0723631745204329 0.329942008014768 53
0.250487539717751 0.00241015074665827 0.0111329794793134 0.647679629640527 0.199543495759999 0.00761606820661885 0.0199637046669556 0.560482394917844 0.39461594929778 0.0486245229906375 0.0435292007251147 0.376085975121078 0 1 1 0 1.74631665181369 0.868610889883712 0.36691697104834 0.628229703987017 54
0.0168138007915398 0.00661804432254749 0.146250806241999 0.0770532095016797 0.0958312258908757 0.0423594881847331 0.20986392253969 0.780429972896375 0.307881465855472 0.15004445271587 0.129983673178434 0.244926606734059 1 1 1 1 1.39903084049001 0.873160670045763 0.142407559324056 0.148372888099402 55
0.229504349340915 0.00513813013724914 0.00382156417428007 0.358582572700018 0.214393844702729 0.0057826961536769 0.00311134099257289 0.335586570063588 0.327632394353843 0.00392836613174957 0.00350052087334987 0.324374638854377 0 1 1 0 1.17869538674131 0.318340430734679 0.144795483443886 0.747729661874473 61
0.00426777814079664 0.000953081314583436 0.00143204475800576 0.0570370545982087 0.00390526752686424 0.000757518062983869 0.00149994966527076 0.0655680672925615 0.0109930963675002 0.00322362659713793 0.00201037078514585 0.0158077832043385 0 1 1 0 1.64083431707695 0.948316963855177 0.198992298683152 0.20256760623306 62
0.0690337919735682 0.000300294010043855 0.0026049953181897 0.136129044913982 0.0765578098961538 0.000202984532570343 0.00279437893358998 0.151500683250194 0.121338191448243 0.00100617543236697 0.000874498533566942 0.115057022542122 0 1 1 0 1.47708100220188 0.304484145017341 0.117663246812299 0.675865403143689 63
0.0062422143357555 2.1429769893559e-05 0.00564283431390189 0.0206113360615075 0.0424289911512377 0.000492413781311995 0.00671680610114617 0.129481526225119 0.141670641451501 0.00288708939630899 0.00273515611427411 0.169271844949073 1 1 1 1 1.43330241367221 0.469880353892222 0.180123190395534 0.490995169617236 64
0.469195320926206 0.00343107123289312 0.00315938808348661 0.775412273560529 0.427360619105566 0.006716538282852 0.00207901961367982 0.700658389175836 0.0519051343957672 0.00374611791810658 0.00335203482598859 0.0757362774802786 0 1 1 0 1.16290254564956 0.183706197654828 0.0405289616901428 0.704619693337008 65
0.0113765314556331 0.000804314882963044 0.0038629224326156 0.040027997855163 0.0107901870459156 0.000559283595355016 0.00482781242574297 0.046198786115093 0.0294965840422112 0.00294891532062186 0.00281972952423765 0.014147478149883 0 1 1 0 1.27151663508266 0.338516823248938 0.14444093266502 0.247696628328413 76
0.00535006121806887 0.00255041627024501 0.000627978492650009 0.0772519384060403 0.00558464585692976 0.00263944913368302 0.000660813692772018 0.0893239874654968 0.00642144756055263 0.00259556707967401 0.00199182569536049 0.0163322109821462 0 0 1 0 1.07897741766647 0.68392857327126 0.267426738515496 0.201299786102027 77
0.0884507070784738 0.000145078607311109 0.00766595315953989 0.211343973210163 0.0821735753942686 0.000183984637312865 0.00821044595280588 0.196298107625557 0.266250376639164 0.0065721221947781 0.00495497314661136 0.269209349780977 0 1 0 0 1.60210255673155 0.830231344792992 0.367578281089664 0.664878014242277 78
0.0052623465822407 0.00111067902416204 0.00855635431650469 0.0470938442491746 0.00518115490079333 0.00117538967259797 0.0111898177175825 0.0523784152567923 0.0184331858415141 0.00303128561930999 0.0015172957696764 0.0341421837323587 1 1 1 1 1.4811228341423 0.933115994557738 0.0391989876516163 0.317262266762555 79
0.00622901007088062 0.00404890820889978 0.00126660351174705 0.0206474539230551 0.00715294160781985 0.00407199163291998 0.00145153965909889 0.0136375753305018 0.0101535114992573 0.00359077370339289 0.00242126488032141 0.0258886650369994 0 0 1 1 1.1059691645205 0.764175681630149 0.323051849845797 0.158664148533717 80
0.00129048729943971 0.00135609803256665 0.027770599547818 0.0487989978533609 0.00118172277182416 0.00135130218995005 0.0346690505276575 0.0774561231302414 0.0253680326275747 0.0105837017800434 0.00800440076108931 0.0144793996419266 1 1 1 1 1.27792575443164 0.966991814319044 0.0654663851018995 0.101655689999461 81
0.0116056948100265 0.00193187295514348 3.63982955891874e-05 0.0501438617823843 0.0140528659765302 0.0017668100070866 0.000979378310817505 0.0518338251126519 0.141700013072654 0.00459632747140915 0.00302878200092235 0.155290125670091 1 1 1 1 1.77187600219622 0.980679680593312 0.134610302280635 0.602341853315011 82
0.0938503858994452 0.00148141397910265 0.0119458443207687 0.339444602312919 0.109001513983701 0.00174756379580483 0.0155015659673928 0.339366480524477 0.253591270715983 0.00156995885257374 0.000983591901986072 0.276506225864867 1 1 1 1 1.19855506764725 0.246586051536724 0.0100741644855589 0.383762477431446 83
0.0959718615538382 0.000515109262271033 0.00326759078388004 0.212979956634945 0.0890491990762347 0.000696598719390232 0.00399926176899601 0.201695695041251 0.111987687187381 0.00147633627752386 0.00125935411151409 0.118199950909725 0 1 1 0 1.09902399824932 0.273382934974506 0.0293370082508773 0.509707205928862 84
0.00940610893049248 0.0317320159198845 0.00576332780708539 0.192807440269968 0.036317026793639 0.0336655422984895 0.000277189245588095 0.0255759886023068 0.0616791002843387 0.021969881337187 0.0174781410738115 0.0727198289765486 1 0 1 1 0.681999451015145 0.524251558119431 0.239508895669132 0.0809701525140554 85
0.529624526991306 0.505107591152045 2.51000994592768 0.850918117250278 0.381705805452103 0.60501998349708 7.46210060112923 1.24541055821471 1.17612062014904 0.204566500106418 0.132870420774146 0.414428065868419 1 0 0 1 1.42299400363117 0.259661698713899 0.0134647584054619 0.1624670852907 86
0.0663299494113049 0.045252846049886 0.12051004086608 0.50724593670749 0.0631764340344041 0.0669790407302926 0.167695094242271 0.772415944653498 0.280141857266801 0.110366338047013 0.127494148387604 0.336039491804796 1 1 1 1 1.19886562693864 0.96049494901672 0.210728319361806 0.182071308372542 87
0.0264971701778724 0.000156056969570402 0.00230210349938244 0.0544129445457871 0.0574330292819462 0.00349788519253382 0.00862857864622755 0.110493411334923 0.177866547151383 0.0117453129042727 0.00975107556098888 0.178628971098443 1 1 1 1 1.56535166269168 0.524979378096759 0.118019520770758 0.90673198364675 88
0.152545233302424 0.0556107130592223 0.185123053900623 0.283250729553208 0.123251484380716 0.0707557444612686 0.341261268484736 0.18657287410501 0.255822912757831 0.0907715696370753 0.0721071229408112 0.29934261820404 1 1 1 1 0.88625013269484 0.446366888703778 0.148047736380249 0.432289927499369 89
0.0210517964327594 0.000945261844851763 0.000102665363771966 0.0689566836101473 0.019645544740708 0.000940264499683869 0.000307627874390286 0.0705272084064018 0.112154684376625 0.00240924874929149 0.00162225608892941 0.138968466452681 1 1 1 1 1.86671740468591 0.753209598362446 0.167453079251572 0.704245692817494 90
0.0044634559063998 0.00307514795935633 0.00300598057763238 0.0484565214527172 0.00391592650535621 0.00356508665511617 0.00061593095417551 0.0815609308378462 0.0427929705946735 0.0110273580881439 0.00944317678997758 0.0162111463458812 1 1 1 0 1.65605641435832 0.964752489235252 0.225094461813569 0.180579631822184 91
0.405068012350321 0.1314332576714 0.364751906031678 1.87889993150087 0.350162116018744 0.213807614774256 0.434464569963794 2.85274869351049 0.860091863872846 0.109032967874317 0.0765438677133445 0.426330556526185 0 1 1 0 1.59303466742858 0.269808508688584 0.10133135644719 0.0929480462800711 92
0.14965496885395 0.00303777372673431 0.0182794354484067 0.220972611721347 0.155139497623628 0.00257129966617119 0.0164014600139467 0.226201134757405 0.259985224009847 0.0036766208793067 0.00265721455555452 0.260912301049822 0 1 1 0 1.28797213267535 0.3027829087805 0.0263984987977892 0.900887617375702 93
0.0310102830204674 0.000641600876307643 0.000111973591379723 0.0715360609241341 0.029156688753473 0.000471459681764527 0.000281031309448403 0.0821621590014689 0.257328204741708 0.00168110180090419 0.00153115615297013 0.272928021035969 1 1 1 1 1.56368562486023 0.402162624290213 0.120756253134459 0.675922867609188 94
0.197386734184907 0.00218412403387675 0.00126496201643406 0.327221073285439 0.181509849586992 0.00209039905185036 0.00364185193183038 0.310194568720564 0.250919538500365 0.00159591908906104 0.00127398494283418 0.246303145934888 0 0 1 0 1.28920260863379 0.365261931205168 0.0161844259127975 0.740825419314206 95
0.0326255959260167 0.00132468798950387 0.00139522540570919 0.0682853081164858 0.0181143198456795 0.000886581049662807 0.00157599289745308 0.0454700052831042 0.189751901300831 0.00291796526720695 0.00258319159382854 0.192990005734179 1 1 1 1 1.02984096249565 0.378520963713527 0.0850180946290493 0.509817961137742 96
0.584196012003949 0.39930987490395 0.784670250497543 0.800585510495197 0.565407887783265 0.380581623951928 1.2031740213707 0.712174150040724 0.503550572670645 0.309337381992067 0.136482707523674 0.2636190760423 0 0 1 0 1.80826173443347 0.45680502965115 0.0636956105008721 0.890211947029456 97
0.00530354417712029 0.00112811665530066 0.0046570485732418 0.0444018704725917 0.00485128482658455 0.00120112482471595 0.00465901848658176 0.0514342967833929 0.0155045879648721 0.00210482780815546 0.0015120914832666 0.0351624703244303 1 1 1 0 1.46824479103088 0.648094429867342 0.120551144005731 0.435484500369057 98
0.175322178542615 0.0407772885211482 0.147495446082928 0.667805052782718 0.155581136013057 0.072894170267217 0.211448105559569 0.259560315099804 0.157653509533466 0.0929506460148793 0.0674987527592061 0.211083967534953 0 0 1 1 1.47360026603565 0.987892950186506 0.103742103092372 0.241834082407877 99
0.0371624393348768 0.000643821835572308 0.0227224733608924 0.219200153504971 0.0171179425788116 0.000636171089449224 0.0210139849791536 0.1194741675212 0.10128972511974 0.00769948031854628 0.00450223029908944 0.108451494767474 1 1 1 1 1.15167446900159 0.823573026806116 0.0906598328147084 0.205427017761394 100
0.176185103989346 0.00252682412445888 0.00548072104187658 0.396383846347393 0.162956740325898 0.00226619813053147 0.00484897070659748 0.380607239675585 0.301950910273806 0.00784276358585101 0.00652849471666264 0.317383455771067 0 1 1 0 1.52716022077948 0.737695465795696 0.163626953260973 0.696092047262937 101
0.0151842469569894 0.00215605052407989 0.000589168284377866 0.109630539459575 0.0155748047004071 0.00214356802697565 0.000529147888571814 0.123217951692819 0.0295001236940731 0.00359888003125941 0.00255886538065125 0.053353385802978 0 0 1 0 1.63577365968376 0.986487993504852 0.383424478117377 0.388243217486888 102
0.00261033290731947 0.000709776870059293 0.00166172932053336 0.011887516535987 0.00416757694426099 0.000641974303857536 0.00183453304310149 0.0132382168967805 0.0338107271984891 0.00275076290305487 0.00174124604808579 0.0480334749598488 1 1 1 1 1.46793189179152 0.842703562229872 0.161054811673239 0.388288215966895 103
0.0950439092019439 0.00262051173722358 0.00583056896754785 0.235677492583989 0.0849883897730518 0.00259935155965487 0.00602108388614142 0.217183617732125 0.149210821747506 0.00347193345714991 0.00279697097816045 0.161143550758673 0 0 0 0 1.83091538213193 0.862672008341178 0.3240014645271 0.786945214029402 104
0.202664501769895 0.00473317048571489 0.00342540969374299 0.487719535400516 0.178075565416335 0.00461427838624552 0.00442177686844899 0.430841601530348 0.232186626125666 0.00704483896708741 0.00431177040746594 0.234680662346358 0 1 1 0 1.39914635382593 0.708692834945396 0.0941834254190326 0.600150750251487 105
0.0324262890401493 0.00139599098082292 0.0054735442286953 0.130849091658186 0.0232193009732909 0.000412989653016702 0.00577406264753517 0.0972526309571819 0.162425029264413 0.0163560800017768 0.014290124959066 0.164534702168172 1 1 1 1 1.57524196291342 0.817474620649591 0.25572235416621 0.518341111019254 136
0.0873264229156997 0.00930546532169229 0.0139648815336826 0.249490335952954 0.059085800466507 0.00902743228018791 0.0142234604736381 0.16641204210163 0.163893512100364 0.00684202863942984 0.00434631447934675 0.166812749286956 1 0 1 1 0.939082272816449 0.512905430281535 0.102034887066111 0.336192601360381 137
0.0395194273641022 0.000978167266278479 0.000543481191543037 0.0982041860441574 0.0287441201861624 0.0011652177352713 0.00062830090716589 0.0773521736738919 0.176650841949814 0.0024194763847647 0.00206314600025451 0.188966421916977 1 1 1 1 1.74703015293926 0.655755027430132 0.244433786021546 0.735368025489151 138
0.0111446653370384 0.000921910638044672 0.00224117278428275 0.0136052018155351 0.0123815759126063 0.00108026305084043 0.00211939430383978 0.0156850009009099 0.0240931332925818 0.00338263976023045 0.00234669154973252 0.00718512525993112 0 1 1 1 1.55536133330315 0.923002098221332 0.217502195155248 0.16478222515434 139
0.197123563142121 0.0971723760686722 0.0320192930288401 2.54102784420617 0.26062072562648 0.127264338622265 0.0722438016685503 2.70523636676622 0.514091703608288 0.173465099289911 0.216845457985779 0.536814593613845 0 0 1 1 1.53820656752214 0.965009984793141 0.374760367209092 0.106090806890279 140
0.027358211692815 0.0565424459839151 0.00124767612801104 0.107286481729772 0.0322933762226747 0.0496173716748752 0.0518860494162494 0.297490477073055 0.176361774852352 0.126116815746723 0.123107808890118 0.0473200337456043 1 1 1 1 1.42434225184843 0.802161605563015 0.235966319683939 0.0890944460406899 141
0.00601118431193094 0.0013927462425555 0.0157438668455022 0.0581571938408823 0.040238397415088 0.00500541805105287 0.0162756637335672 0.0947977400380785 0.0266694311138979 0.00645870387752176 0.00551054874292737 0.0296513837307503 1 1 1 1 0.840781179256737 0.232541934354231 0.0478695291094482 0.209006621036679 142
0.101664645327072 0.167689388562708 0.200246670179198 1.33959195126941 0.0350104514282044 0.240900566226244 0.321338084853483 2.58546226777115 0.366675296960489 0.216685154516604 0.0971004630510793 0.369422986814916 1 1 1 0 0.986797175835818 0.429446791298687 0.126605201978236 0.0880732778459787 143
0.0131072709399744 0.00259624007169908 0.00127099455819693 0.0534068610200753 0.0129182667550423 0.00247947071592791 0.000401647277586848 0.0790399565314527 0.0227347047473383 0.00388313912115135 0.00282189041152434 0.00971902622094978 0 0 1 0 1.39671241957694 0.801504180300981 0.154004799202085 0.132380713243037 144
0.0135333715349939 0.00155531615094785 0.004313651408659 0.048064150041422 0.0151143559138928 0.00167968537342055 0.00451430782511258 0.053649303695234 0.013294340787547 0.00236054746019199 0.00160571859932157 0.00700854530479797 0 0 1 0 1.26962660672143 0.704531797673553 0.138853709679097 0.145007730461657 145
0.162165868810134 0.00166330983182291 0.00748601543754589 0.746233122393262 0.128205482561648 0.000474767411370616 0.0138372147620043 0.53125566905301 0.16256277138912 0.0189838016944716 0.0181868868799644 0.14232255324426 0 1 1 0 1.064552038908 0.577023763908073 0.22346173110418 0.245023691095412 146
0.00258120235552274 0.000311286204473748 0.00244836591577337 0.0143371329751259 0.00268902185091722 0.000297745799716036 0.00195783211289749 0.0177672450511836 0.0087665639173663 0.00131732343481994 0.000841318176082205 0.00435903713117833 1 1 1 1 0.750818411353976 0.406815295806155 0.0401492703240365 0.098647567210719 147
0.0806230522623576 0.000706773039597713 0.000551474917820292 0.359633980235687 0.0522179685619246 0.00157626573154893 0.000268509962605392 0.233043883409596 0.174481578727673 0.0146748400246032 0.0119179442820589 0.183264112991669 1 1 1 1 1.3584800651297 0.980644116410986 0.385580960428342 0.292845429154113 148
0.285154282212604 0.148419991526104 0.409340778644328 7.5744700299993 0.284986145632794 0.191084931700061 0.524869430549798 7.09779781704078 0.527543354368375 0.122155766187288 0.084715683380963 0.597818142729638 0 1 0 0 1.36884180223569 0.330096299760044 0.101329211844131 0.0603596139699221 149
0.0636393248854332 0.000539967779439929 0.00288937509926068 0.152193850340067 0.058068062075017 0.000586447327177291 0.00322207284930133 0.150706625429873 0.16578393956926 0.0021082533863831 0.0014778650091847 0.186047947214849 0 1 1 0 1.86440014280379 0.651545585133135 0.0615028149913996 0.818934508832172 150
0.0245770598377171 0.000261469922074193 0.00269984530035676 0.11274106336625 0.00857714815169026 4.96339511880793e-05 0.0039975064447892 0.0132601531472407 0.102032936826809 0.00292736177542396 0.00251731281164327 0.138808924130907 1 1 1 1 1.38163592340425 0.527611131314188 0.117403786629438 0.448260172270238 151
0.429654632839364 0.313302762489946 0.791878660353761 15.8781726344914 0.410329088584694 0.404189248979963 1.49015435708203 16.1280212978298 0.414752627547767 0.0980177556604778 0.0387405979232938 0.498900773662577 0 0 1 0 1.05775678157806 0.177588424412534 0.0177894132211804 0.0282952601555735 152
0.397597953542292 0.000530931517403611 0.0298321569871906 0.483098396562998 0.373841775057527 0.00276364588297982 0.0308974591974591 0.455309476490228 0.240816900904694 0.00769537479473073 0.00480345206103575 0.250582829971197 0 1 1 0 1.09359874390066 0.159678103169426 0.0296433439943939 0.889958090148866 153
0.0648688446008724 6.98887581983478e-05 0.000854342880013904 0.13646729632455 0.0672654524379165 9.33072401819098e-05 0.000143520475730131 0.149309833675543 0.291619204783138 0.00412036427010054 0.00364513420904536 0.300986487389172 1 1 1 1 1.77112595224753 0.694236997747794 0.23965665185824 0.834020861890167 154
0.00145698638383195 0.00221171127905258 0.00192647929631703 0.00324543414598273 0.00153712523117457 0.00228738912206764 0.00313348495478514 0.018828273292731 0.0136376799256297 0.00306906616822222 0.00247076619982975 0.00486334863401237 1 1 1 1 1.06605137744918 0.522748469607905 0.107421365566552 0.127208366524428 155
0.442036960429166 0.3930365291694 1.62944941372248 23.7162076596156 0.404381877460335 0.544206758689672 2.55675938442255 28.1239564140159 0.424795075934941 0.282136169487969 0.146904969386386 0.376237320225981 0 0 0 0 1.10832266695797 0.331950969062746 0.0503867527004331 0.0111957301851362 156
0.00371197617558829 0.0027532642856325 0.000144064007259143 0.0577247999441357 0.0108364618051444 0.00288365264909793 0.00613475570350553 0.0992640202927896 0.00760624500709373 0.00255426886540844 0.00139733563848282 0.0203890264990525 0 0 1 0 1.07454392826185 0.687851474154741 0.0110839914996177 0.183898476185277 157
0.0856622534461856 0.00592510013387023 0.00335762784009628 0.233379641442752 0.0677635382314334 0.00559801686755206 2.5184738850638e-05 0.197572711905012 0.38252093494303 0.0101234167427843 0.00824853058067207 0.398867620959884 1 0 1 1 1.54691516468301 0.870410940377042 0.241996779805049 0.573902095435187 158
0.0647176686594607 0.00163563731429578 0.00370071582869524 0.0985309188615535 0.0712307875273539 0.00114584885410568 0.00388538202265322 0.105128601739826 0.118583282372479 0.00190105267479473 0.00144993321982508 0.114258242122978 0 1 1 0 1.50341752544045 0.364615353057161 0.0393503841478378 0.978834372479469 159
0.0041195276121487 0.00370957195859159 0.00673519314475074 0.0560188028164855 0.00478569516395257 0.00361712399377869 0.00716269488372392 0.060421256513152 0.0161067935465558 0.00476917256941234 0.00274255279765523 0.00783005615105137 1 0 0 0 1.50929900864139 0.981956452596933 0.24175894097425 0.13243901450187 160
0.0553957247943 0.0765103006415208 0.0197120947272502 0.260533616128386 0.0656627013960713 0.0819831431710945 0.157119037655234 0.450959894691567 0.333544600974595 0.153717858840374 0.101622145823847 0.307802616200209 1 1 1 1 1.0724984141998 0.895215108757839 0.0925290181767195 0.240422064904124 161
0.0321340325622419 0.000363215712589826 0.00339780895369143 0.136752109043167 0.0310554577671698 0.000323452914897713 0.00313105159769202 0.134001149770052 0.0389654979856031 0.00195386728318714 0.00138630867461473 0.0570564809960584 0 1 1 0 1.48978677112609 0.734454407822341 0.196147711249068 0.474906536983326 162
0.000567794705006468 0.00283453873930163 0.00202684317767011 0.027937512084277 0.0309557168576678 0.00394704344851512 0.0012744632971043 0.0484800116690643 0.157928805000597 0.00495131558901374 0.00466670195814342 0.175467456545891 1 1 1 1 1.12406261730939 0.569637043168768 0.178870126837865 0.381576522486284 163
0.0912532386054678 0.0026656800272691 0.00607546536204673 0.278130667733757 0.137554340975075 0.00273230394085953 0.00512089118794614 0.401290460840786 0.195344545466137 0.00191137428724125 0.00162109276242711 0.204283827037493 0 0 1 0 0.98847237508744 0.4490358941257 0.0686415566597134 0.353760935831815 164
0.0184444087140602 0.00291659544971959 0.0129471365457031 0.163834403530353 0.00806602002624219 0.00305960303904606 0.0131915222296647 0.0144982410052939 0.0969885331318348 0.00711418952907972 0.00572165254292017 0.115716846794542 1 1 0 1 1.27828373992816 0.957511524669826 0.309466864448041 0.197700741700828 165
0.0898950847268446 0.0033219025622276 0.00774296939819744 0.35072761610318 0.0765673552235664 0.00336908225602477 0.00774949784326331 0.307762420122978 0.168030131226889 0.00564162085953646 0.00440672037336781 0.185804543405322 0 0 0 0 1.52383935730904 0.979973334353417 0.392055964563042 0.419369439361617 166
0.0554536387795201 0.0159509453863696 0.0119158193260433 0.125283060727958 0.0458242615434806 0.0170111462099692 0.012510511525992 0.107412901233615 0.276459616521008 0.0235904552555146 0.0203132853566576 0.273819124016607 1 0 1 1 1.55932332854718 0.909628820372745 0.346053831046447 0.578456909395754 167
0.069400767047731 0.104739451045312 0.507300899277373 0.141472555940497 0.0837390521824958 0.142691189406669 0.719361711429257 0.144665770400986 0.425530729859125 0.140849866407119 0.0856785606545815 0.467746317471816 1 0 0 1 0.985249753575772 0.596414080820978 0.0866091959178448 0.444711872609332 168
0.153539319479806 0.00145880777072874 0.00349040917736977 0.303919732726133 0.132433685116023 0.00146415585308953 0.0046181957273659 0.268872218026207 0.181155559266364 0.00152307262110096 0.00125667135422712 0.188971564223671 0 1 1 0 1.34134643431753 0.40654869005084 0.0352221366483718 0.689255224307999 169
0.00601052337797541 0.00239468029544603 0.0132126139285613 0.05929636468279 0.0268361537818207 0.00243742118659416 0.0184319461989222 0.161804457576517 0.0713274530151533 0.0038578345746314 0.00256585928062272 0.094694121131517 1 1 1 1 1.10192432953045 0.717693654587492 0.0351791169960052 0.215632509440184 170
0.00299428785925181 0.000880124389646815 0.0041855279909915 0.00860235793773198 0.00868386897282076 0.000941154791097052 0.00424645955979174 0.0241885332240612 0.0943678324925954 0.00209251167920887 0.00160187040385273 0.112187746336008 1 1 0 1 1.7907443465665 0.775482065277174 0.264216295443475 0.63058475125581 171
0.0959032403248622 0.000461960245969886 0.00191931159440156 0.22077422509707 0.095383164674731 0.000530410504753848 0.0021609606927515 0.224739865197244 0.201603247123137 0.00251425491131074 0.00228336212816674 0.214567540793281 0 1 1 0 1.95471557183191 0.657677088864148 0.223339004209265 0.889333772007376 172
0.099262942170031 0.00292560396054628 0.00653470779660646 0.203731625718649 0.107155257887354 0.00278322218791028 0.00602428522715391 0.217262171928492 0.277849537674555 0.0065660005138034 0.00485316893605253 0.279112557793311 0 1 1 0 1.65332983154804 0.763354301219806 0.200457122875378 0.792589518008754 173
0.00515803586827283 0.00247380178261255 0.0148114916911694 0.00620243664410676 0.0226013395036277 0.00235556606928436 0.0157354548868913 0.0505909830487139 0.135592593659159 0.0026195928372944 0.00163834577887076 0.150424032900955 1 0 1 1 1.60199154913425 0.785008261213079 0.0421286020427942 0.565750573528931 174
0.00739830414896888 0.00212462016215055 0.0101683610702045 0.0366230285364805 0.018582878504656 0.00117026304112207 0.00803542698433283 0.504057458325075 0.0655194209132501 0.023808321440785 0.016727184942819 0.0201996248519211 1 1 1 1 0.842823148705065 0.4845108485315 0.14580877055414 0.076409196248278 175
0.0158897926807213 0.00388331780006364 0.00481036287865601 0.0570771842679015 0.0152774815418965 0.00379398007801994 0.00463228130668523 0.0586263300544478 0.105473486284141 0.00259757914655756 0.00197468836006098 0.133502177336106 1 0 0 1 1.8381939609535 0.78171121655032 0.225660758791491 0.627353398129344 176
0.24695557078342 0.0721852572386662 3.25713284565236 5.48191076018612 0.253720817764299 0.0757768151089054 4.92224621394941 5.42402659572483 0.603411034730705 0.222257151219422 0.0843992598224616 0.524442625457777 0 1 0 0 1.33564538834617 0.695099112112075 0.0125865454319865 0.0668667070567608 177
0.111214585128406 0.00120964107682078 0.000340652552391252 0.266141711887091 0.104215325215416 0.00148967016974573 0.00091448051361853 0.2580055984088 0.177773448865001 0.00190453790565215 0.00186890497346465 0.202130060214822 0 0 1 0 1.90068123163655 0.712016752688214 0.139414644101635 0.855704821646214 178
0.00215215481290873 0.00118097679646008 0.00131295518419023 0.00911420646948367 0.025099055871507 0.00105851621782593 0.00211953529653516 0.0563204111656373 0.178220192352581 0.00285949749889008 0.00285987963678754 0.194518275453142 1 1 1 1 1.42736915498972 0.477078812429681 0.0982321701012552 0.545725685544312 179
0.00329709838671978 0.00273336552802205 0.00172763594406814 0.0574120548828862 0.00128593754926316 0.00284632020666747 0.00145218904233424 0.0424283999631447 0.0121570965892208 0.00231736765746887 0.00199357252226137 0.0301192730617458 1 1 1 1 0.606932490132749 0.297955380054191 0.0416473317891359 0.113513928372413 180
0.0219826364379129 0.001388245870741 0.00714270276049468 0.0838758939490946 0.0243650696396499 0.00138544906963414 0.00733255307635489 0.100185266369634 0.0539026524777786 0.00207769961744342 0.00108797594882021 0.0755364062306243 0 0 0 0 1.98694147402421 0.906940113054588 0.09818378649652 0.708025241270661 181
0.258156086838931 0.0714082130333468 0.815690980946883 6.28032670637984 0.271701821821289 0.0984822625533129 1.44772712120256 6.96890135605622 0.521074926209008 0.144446408558752 0.104797890326594 0.370120854007783 0 0 1 0 1.359236179851 0.944579614093527 0.0414148566778749 0.0452963872812688 182
0.190011702597738 0.045268295042821 0.551764395626039 1.21732890282622 0.260856100804781 0.0681228748767516 1.09765533764087 1.39713456941229 0.598410817868397 0.147532635794575 0.0762116479818381 0.518664700534976 0 1 1 1 1.43707517627627 0.920840727863833 0.0357172368094325 0.145527405897155 183
0.0354530047886562 0.00227450779660889 0.00638517430530695 0.106826116677938 0.11059266080449 0.00302098286146963 0.00592017215770629 0.312759326317818 0.357287260852887 0.00395720949763162 0.0038124014728001 0.388108461588785 1 1 1 1 1.35790231218562 0.496043074177578 0.0450264550745487 0.461842213524505 184
0.309285977903679 0.135843455864681 0.313055760204507 16.6850632214216 0.294329552388865 0.182092464028982 0.428785434762253 20.6646105145894 0.377300016897993 0.167803622147308 0.131514746024965 0.355591508680591 0 1 1 0 1.12313216738403 0.501908174483106 0.129360229941085 0.0161895796190947 185
0.00745528317994892 0.000211725147901831 0.00193767439282034 0.0628550289383291 0.00904299035075723 0.000144887939497983 0.00278084396295984 0.069951508313818 0.00952828556773566 0.00157182242871262 0.00104377426634447 0.0153004567541569 0 1 1 0 1.178340413142 0.494485738920048 0.0818103586789221 0.215526681626216 186
0.0955618143081651 0.000275954834697253 0.000655517063997978 0.195073236871207 0.092866972412804 0.000280409794870863 0.000563711334257934 0.192439869822136 0.200124512200618 0.00285393953797375 0.00205164695842908 0.205499306453159 0 1 1 0 1.92045643739402 0.8031748351641 0.189802821958438 0.925824423786253 187
0.000707827088967224 0.00222442333005057 0.0010460832637749 0.0265811451867202 0.000493016042652856 0.00211581789270544 0.000786958219441704 0.0331237531122595 0.00779345161060507 0.00286033029322419 0.00166623416696393 0.0256490989217234 1 0 1 1 1.6402641357854 0.823904419085011 0.262003395706415 0.337931318208575 188
0.1380933200207 0.0685715345323381 0.140967446949375 0.00354860917870509 0.185092129447967 0.098950513786927 0.210509015086886 1.27703889590106 0.318725278479354 0.15194909693836 0.225535716335384 0.439424779201902 0 0 1 1 1.52432573214173 0.956013550283387 0.281830614199862 0.122349533485249 189
0.167183606451362 0.00149728539015231 0.00225526988996351 0.357258032321378 0.155258727249474 0.00160612074082702 0.00208912321433624 0.332660257096061 0.181699062427964 0.00314669951233371 0.0025193550453137 0.192392114965989 0 1 1 0 1.93882315373048 0.759312282549217 0.322472184430808 0.948755883146077 190
0.0194173303094551 0.00210228214598679 0.00572621282537203 0.0653511488608836 0.0404066849726758 0.00206113639224384 0.005844660879807 0.116182924633606 0.171559976312633 0.00241526062392161 0.00185318003901266 0.183239928764931 1 0 1 1 1.63244640594348 0.756891311844811 0.133887659525499 0.602062438381836 191
0.327711144363433 0.0129483266622699 0.168024767935258 0.750899784190313 0.316670339226412 3.01570129385751e-05 0.278789136798132 0.408670024063822 0.340588345123726 0.176856363510867 0.204489538490677 0.528643782345756 0 1 1 1 1.53095308877528 0.755688140168786 0.286874482640997 0.512301544193178 192
0.0109467121114802 0.00748013684698447 0.00394578088078967 0.0246187598138458 0.0439562129900523 0.0122196720930825 0.000651022077097882 0.175446050035815 0.0378703267431486 0.00811481568040018 0.00593391570847571 0.0632358625892094 0 1 1 1 1.16000853152946 0.323013395769522 0.0831337904091924 0.282235614722595 193
0.0455362298174722 0.0020021608528168 0.0076744466727634 0.22390110383694 0.0468939684101775 0.00224579735995871 0.0076460076562283 0.240795081575312 0.111815607557127 0.0114752905094726 0.0104316955331071 0.132141711691251 0 1 1 0 1.52956337342039 0.934540497371927 0.284737705951557 0.397952742408961 194
0.0599252699250053 0.0877594678019275 0.0972892738159785 0.443899209420289 0.0546493980579363 0.128922577462893 0.122629905217219 1.48165760757199 0.257886586691657 0.214332138237178 0.124523430035115 0.250981030252685 1 1 1 1 0.664563896600157 0.515438844915479 0.226062421454117 0.0837466774974018 195
0.108612946657238 6.45925812448336e-05 0.00171335184328338 0.270603974036386 0.0769006687533557 0.000242033928927375 0.00258616425197834 0.198747948471712 0.125496843641382 0.00325893257711785 0.00237503112838207 0.141303748099158 0 1 1 0 1.60118129756302 0.656702967593446 0.101604444673285 0.709698690334335 196
0.166818990430043 0.00226035391314312 0.00251194633425074 0.267818846831679 0.171013411223137 0.00224672825540316 0.00210555867398659 0.275160351004209 0.272964135045578 0.00194660731232399 0.0016219408718529 0.273014887463969 0 1 1 0 1.46972951339558 0.40948500437662 0.116472315974534 0.924870951566845 197
0.019898110329019 0.00299971842888051 0.00081380165855127 0.111230251064059 0.0172032796814361 0.00254672485027413 0.00118889852031979 0.126794140525158 0.0142889343543002 0.00488745803113522 0.00403983569673338 0.0201605467592586 0 1 1 0 1.39173212274909 0.756239363923669 0.179174945922568 0.181657673092559 198
0.0195906929753625 0.103778914544375 0.276595238903149 6.51292409294994 0.0936556942045045 0.120134614572979 0.376402605982223 8.12120563086115 0.420338017677196 0.210440310342574 0.170499530388893 0.380915018550504 1 1 1 0 0.973538557533175 0.641095100902021 0.206235908903182 0.033094123005867 199
0.0522768741208488 0.0123838634002714 0.0259334867838319 0.227444232133741 0.00377473325871697 0.0140383707739544 0.0342198567194418 0.0703245416133439 0.248003241271084 0.032092402280003 0.0252619418371496 0.248283941579207 1 1 1 1 1.24790241103619 0.871999710332602 0.249796278541908 0.345499760471284 200
0.05598557859307 0.00117663354649892 0.00302771299546782 0.10050506785792 0.0902351910430812 0.00239195581042717 0.0055651950656003 0.174976202458037 0.182620633918117 0.00704843230192653 0.00517959608302862 0.174845122380667 0 1 1 0 1.85097278701141 0.528937279013917 0.0520892816130072 0.989512429339811 201
0.0207148989903896 0.0020169142620951 0.00101790035392241 0.0413207571596001 0.0476782892355162 0.000927864850645405 0.000353764761733575 0.115998572946177 0.336641371891187 0.00451764760509366 0.00392038369816672 0.330569409793835 1 1 1 1 1.58239646442235 0.397302686003968 0.0591805526055396 0.776961137540638 202
0.00526071969586593 0.000228268810574103 0.00170477295025924 0.0444757160947294 0.00647818485058028 0.000270341328870436 0.00157189269362317 0.0422230646024311 0.0102533518922041 0.00331164150456387 0.00271731523104646 0.0121556389515911 0 1 1 0 1.25538257369772 0.796941115288064 0.333101292140782 0.176965203369036 203
0.065812798803751 0.00081938239304173 0.00290058331919399 0.124377509378576 0.0780393385938101 0.000959092663127189 0.00282402154509301 0.158141415857027 0.258690341753826 0.00165934976209375 0.00136906730062887 0.256241349790496 0 1 1 0 1.71938762860373 0.456801910419017 0.0830688297282904 0.85228689876385 204
0.0418348194449979 0.00272554578035418 0.000607342070304766 0.135484728992908 0.0404078147365379 0.00265229515913244 0.00109425714301487 0.138766830393964 0.0877436283848416 0.00389979292427101 0.00280337766070909 0.108851552032276 0 0 1 0 1.81633643060923 0.909500961424783 0.122209927765653 0.6547176821623 205
0.0679491740549535 0.00110495249024617 0.00141717541113988 0.189080831047763 0.0439150410151705 0.00107436484768531 0.00337516150948932 0.130971592601305 0.231619974444821 0.0128028022279484 0.00956620167828728 0.226613010469279 1 1 1 1 1.15281609119847 0.679867408471182 0.227055517258123 0.377415033057332 216
0.0979833943028787 0.01501667150666 0.00463194812183468 0.157591881212203 0.0866793830804018 0.0150885391276519 0.00658350930752858 0.143111549677752 0.284865108524426 0.00394693073570937 0.0029741801356187 0.283536739384537 1 0 1 1 0.972116743214428 0.23517226986587 0.0623948751017451 0.653171964921057 217
0.000927356364721462 0.000939876729225478 0.014915831985966 0.0738628931080102 0.0098652996805815 0.000421065523928215 0.0116445063206435 0.156380013108598 0.039001940980425 0.0108739853590528 0.00755905349455871 0.027352036063766 1 1 1 0 1.38899537175894 0.938933167606592 0.230320752598345 0.179845158243552 218
0.010154175928919 0.00165589507398984 0.00815883946850728 0.0211198826499626 0.0108233225904067 0.00166367392652681 0.00745855962084347 0.0291000186240968 0.0220295157436281 0.00355383633790163 0.00188325708185672 0.00747249115635662 0 1 0 1 1.4663161765784 0.878443313529715 0.140916312579066 0.132981326896697 219
0.0691683610148078 0.00856960125547683 0.00155303097449876 0.119985097412371 0.0770813473453203 0.019671489590838 0.00220558563926384 0.151175624677084 0.2071739272226 0.010222565226978 0.00681981819612258 0.207252205855554 1 1 1 1 1.35554568236694 0.248671068809927 0.0762626677751541 0.73496555024758 220
0.00690916406713351 0.0035198948430258 0.00290025481569927 0.126826024253977 0.013421498638783 0.00317625465456145 0.00461484289093426 0.189656775080978 0.0290031071888657 0.00876165329607648 0.00747434249206913 0.0504341216359882 1 1 1 1 1.1060280376114 0.774330290034413 0.270527693443 0.138484119437635 221
0.11117294761719 0.00292016613561412 0.00198626440031367 0.222193089659419 0.106748282384229 0.00295271174819413 0.00198885739931824 0.216853845751128 0.185985786108373 0.00249760897126439 0.00216461141791097 0.19284210312306 0 0 1 0 1.89588631968945 0.708557615056634 0.24153565755114 0.956799488980323 222
0.0304944021762055 0.00361755122197284 0.00156042933793727 0.150743973260884 0.0311660922631477 0.0035248822192919 0.00178612590249204 0.157954022389265 0.0550518880606397 0.00321242667700949 0.00234921315746922 0.0851157394227351 0 0 1 0 1.81976338336244 0.938762180740014 0.389708815608174 0.567386947339401 223
0.0260680637482697 0.00126428045793007 0.00383405951939066 0.048512992554017 0.00334394914102244 0.00121916116086133 0.00370139091471004 0.0120771902810795 0.172287171210971 0.00113230725915739 0.00106120447055021 0.167167441195871 1 1 1 1 0.83203113777563 0.218607596121728 0.0799105186015368 0.452068159822375 224
0.00411392925295311 0.000134427489214705 0.00193114171398709 0.00533705100377964 0.00401585726264153 0.000179204290609191 0.00176582916084134 0.00985651408361028 0.0042962620624788 0.00148570654933694 0.00103481937432567 0.00958990189470749 0 1 1 1 0.837685819715261 0.445561016211286 0.169446449261159 0.158804856706411 225
0.00324688106639502 0.000165781693313172 0.000352086864196283 0.100443015132065 0.020110812316641 5.69155649041074e-05 0.00300179817366252 0.118335217462823 0.02099521237827 0.00700889311481401 0.0047047051222108 0.042399742129011 1 1 1 1 1.00655668321997 0.762241031508893 0.066403582226485 0.10132193681784 226
0.0539216724262263 0.00495235387847044 0.31253659821378 2.50058845090544 0.079990905768578 0.00564130212897194 0.378347306309976 3.10012667660944 0.340920112045443 0.216244049285662 0.159023326058974 0.290652245183864 1 1 1 0 0.908536927308887 0.717416331870481 0.205439436249435 0.0808513481169939 227
0.00884438042444345 0.000327344104975735 0.00118705670099923 0.0103821843664731 0.00435543859069885 0.000394566799385029 0.00165454269617459 0.00976499987894505 0.132613814492162 0.000682639778234795 0.000581049797115721 0.112114187002449 1 1 1 1 1.44828481273726 0.252548420568928 0.0846782319713384 0.707542415009812 228
0.00508687058265556 0.00195744656933594 0.00413501991197742 0.0172885725206698 0.00287413237895045 0.00191632670610431 0.00420728739678404 0.0166698870923764 0.0317686087486129 0.00160102273970908 0.00117544704508377 0.0481448614992539 1 0 0 1 1.33494819235057 0.584868450183421 0.162979480344802 0.411473485641181 229
0.0590260903923524 0.00144832862896069 0.00105316113315056 0.162818136947583 0.0490046882786194 0.00141297072763316 0.00134683002890402 0.142392829710354 0.113095159108903 0.0025549542251645 0.00173329476409845 0.130669128795873 0 1 1 0 1.8392418762669 0.801497071515769 0.217258434044197 0.73130578850396 230
0.003728272477034 0.000938270044937474 0.000370814186254863 0.0168403125954311 8.41307512163197e-05 0.00112311886819219 0.000852339997818114 0.0101185352963271 0.0552352960169564 0.00280972907488797 0.00197634621720313 0.0803916575846073 1 1 1 1 1.72145139519125 0.823352826060727 0.240905507700518 0.4935855534859 231
0.119105639956257 0.00550727756729114 0.0194402194824804 0.225444604658992 0.12207727835473 0.00462585478411686 0.0197977344227917 0.243160573972754 0.405025714085368 0.0153969073701973 0.0133442401430315 0.40291065340102 1 1 1 1 1.45034931367263 0.608633858384565 0.263107093283907 0.711544458055869 232
0.00448124090514327 0.00230660823862728 0.00299852835981433 0.0455160145395903 0.00151523249318807 0.00206692470995923 0.00330496472347111 0.085870819491628 0.016687859705683 0.00338845260478837 0.0029635052151768 0.022661638772771 1 1 1 0 1.33685864880681 0.614469251828268 0.113146059215069 0.214217677945271 233
0.0147137349824654 0.00196037152288462 0.00855147468263083 0.0228365231162214 0.0158329129140905 0.00219946582244086 0.00831789136593787 0.0229401030838606 0.0134001677508673 0.00268463789470064 0.00235251588930499 0.00313029319922295 0 0 0 1 1.00324484985322 0.632390009472147 0.240826082648709 0.0664451990742236 234
0.0153708806333365 0.00645817334068155 0.0147173931203864 0.165498692801333 0.124276022824138 0.000346431533161739 0.109315058166457 0.229438029287078 0.183694708941029 0.0490700941307443 0.0306108872664404 0.124894599824825 1 1 1 1 1.57469424372539 0.918568234657869 0.0744686301331967 0.342334853718057 235
0.00652676586497118 0.00232645194299913 0.00623391731860592 0.0726326429296862 0.00881431851057814 0.00233357621032327 0.00614685671798869 0.0926841834108289 0.0251144343358858 0.00265981048989816 0.00141699106985019 0.064616979001328 0 0 1 0 1.78813740937039 0.91307457559742 0.101012578234076 0.487633841345087 251
0.0190254689479381 0.00141882249434797 0.00400139631185172 0.0971379868961902 0.0229841365918437 0.00134589847438163 0.00413498313384631 0.108434488463238 0.0743592538135978 0.003158911720475 0.00213835741944379 0.0938667830773444 0 1 0 0 1.92218704707921 0.935765326721594 0.281254440546036 0.573805344756693 252
0.00800787119230986 0.0765747770458789 0.03769992029592 0.0822361421428468 0.0354333162299779 0.123644713977372 0.0282295057679483 0.00792772050697925 0.11806513940887 0.0623609162461657 0.035723573925879 0.102673467555924 1 0 1 1 1.2400305615738 0.409042612183839 0.151793584693223 0.216700365999714 253
0.0043142957613897 0.00304977096485544 0.00293083891801443 0.045010794985093 0.00440158654642307 0.00296646052977457 0.00243486000588676 0.0540285204235564 0.00971780440835368 0.00332361945605697 0.00214360305608743 0.0204372820738799 0 0 1 0 1.63544499548152 0.902533745625988 0.199883616063744 0.24738468718715 254
0.00225450592237398 0.00142281681202673 0.000701119620088727 0.0419503460166113 0.00120766864396794 0.00134246619089701 6.02660301761504e-05 0.0399565398418681 0.0216349449698845 0.00317937494857501 0.0017869445659585 0.0359487696247718 1 1 1 1 1.61720623308793 0.955123517196625 0.0827891586814076 0.368115686113015 255
0.0233485394240577 0.0815244434507162 0.541487813366797 0.209912992735418 0.0717601779474639 0.0353737129952232 0.733395021204459 0.281045000576311 0.307400711821445 0.0441208849486941 0.0380500376373158 0.350896078461214 1 1 0 1 0.521806317381561 0.144237740896642 0.0417226436547935 0.395344225689769 256
0.0156714886173624 0.00023242479533602 0.00915226280167682 0.26384977794452 0.0329623353717947 0.000183584759543342 0.00858159244291849 0.495240188590421 0.031369120986837 0.00447951104641076 0.00373247565173285 0.0478947433049749 0 1 1 0 0.711853267624974 0.507010634988546 0.182860912987962 0.0638208058662713 257
0.188187065888211 0.1998528246671 0.0927439557095983 3.96166813380482 0.205097145250381 0.230362752701071 0.0394796451019116 6.1107994778247 0.674364466644524 0.259774188575553 0.120536902807547 0.39166978483769 1 0 1 0 1.19542298233137 0.573836805298924 0.116344299167395 0.0366433025337756 258
0.030105367037846 0.000521026078972061 0.00464653441659999 0.106360165732 0.0143217891642422 0.000480259454670209 0.00432205926178574 0.0680186078779855 0.141998022611282 0.00305100942486813 0.00250447345781568 0.163385733325134 1 1 0 1 1.6240174616687 0.764604459283873 0.288131225388497 0.577654595021158 259
0.0309409407315699 0.00350219801640549 0.00195988673690366 0.0774625359161244 0.025805781068002 0.00358307155724208 0.00217363925970005 0.06754693652896 0.114267024737637 0.00337330429505467 0.00229744585902775 0.128636751601858 1 0 1 1 1.74992245435715 0.876158735016361 0.303989207837731 0.66394605813548 260
0.0166648614315018 0.0910041927150707 0.141033908447121 0.0282983705453943 0.0134751738774569 0.107714778388357 0.237077535167309 0.47045723206886 0.152583571657767 0.100072970245233 0.0534494952627684 0.0779321486413906 1 1 1 1 1.12026097625494 0.536073958966881 0.100445128977299 0.12252656230703 271
0.0533844352920031 0.00485323813842702 0.0239734461144178 0.111023690911487 0.0700725929687227 0.00404070405169709 0.0278388698330892 0.150177596576591 0.254833690254898 0.0209267830697338 0.0152496665578834 0.247419775610085 1 1 1 1 1.84327095746994 0.913819298846647 0.138221374480054 0.878319996874779 272
0.0113521208879885 0.00287081474209717 0.00283280735407976 0.0133558377043172 0.0130541952917694 0.00316484502357128 0.00286902373813474 0.0297124550073607 0.0287138024229763 0.00771126568906022 0.00616294786985561 0.0044024103442224 0 1 1 1 1.52809293754399 0.950500389561057 0.399249396519735 0.0965228015556931 273
0.279741957490813 0.118873538882284 0.0863855660650215 1.12644269581062 0.301278929354167 0.13677017955212 0.39861931501924 1.23655309689579 0.519783474295927 0.139664748810623 0.159466228599838 0.441851820799404 0 0 1 0 1.500050005503 0.997921239351854 0.151887108106166 0.182090602582321 274
0.0265203753523412 0.00200970671413709 0.00623218206683605 0.104411890454248 0.0167186290157016 0.0018281634922044 0.00615063974356032 0.0770915173995724 0.0675245162283402 0.00192016621947366 0.00145188217429496 0.0937854217318395 0 0 0 0 1.70208816137165 0.719789093127474 0.151584261795506 0.54795736214146 275
0.00115248146639517 0.00389335580851761 0.00133055274705851 0.0347290349304107 0.00444884650294783 0.00420543671707024 0.00190204974398476 0.0821073270797733 0.0204160682349241 0.00935109061476846 0.00860077348388716 0.010137236506769 1 1 1 1 1.13958943914622 0.778432087274268 0.214409601408988 0.108317112317309 281
0.369944409637583 0.0390290287095848 0.660832035936058 0.779337060301401 0.392592055759425 0.0230733130439407 0.888020077890374 0.538488320414426 0.440695056285252 0.187042398257172 0.151221102906102 0.369442014987647 0 1 1 0 1.58546875836328 0.766697247512639 0.0901324290316552 0.544701796490699 282
0.234825039686361 0.0166139417846938 0.0013678001997828 0.722854530906797 0.208396709792778 0.0158134643407851 0.00274499057181585 0.642032656133949 0.156088436187538 0.0352404036598166 0.0306133930370366 0.158377746836385 0 1 1 0 1.46402684506029 0.906877311412245 0.383161519886926 0.452099466929212 283
0.0565312711251327 0.00428372578287872 0.0188996812567424 0.320843017331858 0.0342517199960189 0.00407890349561706 0.0175404729937045 0.219005977727943 0.0679317421727459 0.00808175454335081 0.00613501178041803 0.0754707271999339 1 1 0 0 0.722954983823001 0.483353991061449 0.22358331666328 0.142515388317406 284
0.302927085031713 0.022634767477649 0.418977716604836 0.123104084488982 0.303941547576707 0.0550543097737525 0.572201615489856 0.0327231058870248 0.29931396914665 0.164152492082631 0.101206911597505 0.537025962385718 0 1 1 1 0.931502673309296 0.387704362859949 0.0741710066795349 0.313856648746878 285
0.00583208469446649 0.00198001321969389 0.00763284854206886 0.034070396898378 0.00849252676328546 0.000914463771379743 0.0106623153952908 0.0323301822469326 0.0225211403073313 0.00152275910966093 0.00147466114334831 0.00683715180883321 1 1 1 0 1.41005909396335 0.244683145079762 0.0340878223069012 0.168682067422196 291
0.602511363639296 0.137683267186497 0.16108476064348 17.1769230636221 0.593427289159582 0.194385401350052 0.229177821491321 17.8959134721498 0.376589620752352 0.110576465669532 0.0917498397987169 0.373004067692202 0 1 1 0 1.57352373283356 0.280302762752399 0.102956929709762 0.0256734718568623 292
0.21919368923488 0.00638746620857149 0.0449044943080315 0.39777141295027 0.206351446118746 0.00518237782637796 0.0556417117964616 0.372208536918029 0.319781961843669 0.0381189517343675 0.0289113837516437 0.340486918251041 0 1 1 0 1.58305845782161 0.7338429200463 0.200736505445093 0.791931932559237 293
0.00503636966849936 0.00243991190193567 0.00194407221352257 0.139828952239788 0.00502229326596419 0.0025239016698386 0.000838514983610681 0.147013232118398 0.00766867353852208 0.00261248748931486 0.00155600560097191 0.032779480988167 0 0 1 0 1.38606266444549 0.802799242548645 0.0877237906679511 0.320161047624424 294
0.142733617349823 0.094217274560282 2.95820316764088 1.0883534792105 0.125646432868348 0.106740327069543 4.04613833405449 1.51897373727883 0.346202713460087 0.203307282747457 0.068709243929832 0.421244879008836 1 1 0 1 0.920055143535137 0.606300436891615 0.0130039346404374 0.13817943376489 295
0.0572716025177773 0.00371725931640642 0.0031073241792487 0.162619830427238 0.0477267465311128 0.00370966183869604 0.00346567420080292 0.141773153717273 0.092888862604755 0.00327317075633315 0.00230942798587735 0.107560124594689 0 0 1 0 1.79070469737053 0.89083138667047 0.162868660409003 0.670584966195747 296
0.186041377110523 0.00784249714833225 0.53363210060511 4.91865056150641 0.191110775071167 0.00723343128033316 0.921847510313736 6.66883944632792 0.434608082789182 0.193865398826747 0.0848643082045065 0.307275102367677 1 1 1 0 0.964187714736909 0.769710404565558 0.0440899557434022 0.0390170158352703 297
0.0112622408772469 0.000298136218848848 0.0270468867622862 0.271642605355327 0.00949639330864258 0.00294315148582859 0.0419978356951566 0.0801545614627201 0.0418911308254127 0.0105904313893491 0.0111946856027452 0.0458175326806106 1 1 1 1 0.503987782634795 0.297510974574834 0.109791579656303 0.0641074627637863 298
0.0182756233676544 0.00127745803895064 0.000220197459004384 0.135144375210432 0.040125408523806 0.00430609018683754 0.00654190402690654 0.206865217849434 0.123838135249662 0.0184092582415175 0.0222009804507166 0.0977638176411317 1 1 1 0 1.71992877870798 0.962288394104689 0.323554534465075 0.362579485634342 299
0.00036674576804269 0.00120900769800277 0.0015976010996913 0.033777021488285 0.0796015885322555 4.67469437540734e-05 0.000614610180074993 0.323291734795248 0.034566835958793 0.00494126093822683 0.00545541667461008 0.0439273406373968 1 1 1 1 1.11324390536174 0.352434324100614 0.130861902842298 0.289780315943062 300
