"V1" "V2" "V3" "V4" "V5" "V6" "V7" "V8" "V9" "V10" "V11" "V12" "V13" "V14" "V15" "V16" "V17" "V18" "V19" "V20" "V21"
0.0212169659417079 9.8700103445752e-05 0.00186297423776014 0.0400158943660596 0.0176440351380528 0.000185471732195186 0.00167283555082582 0.0360572457073834 0.123086048340429 0.00424954146720896 0.00416129145717992 0.116900582265465 1 1 1 1 1.14665266964585 0.309101206250489 0.132272714981809 0.566016362980008 1
0.00706528221100841 0.000310642279261837 0.0209423206230997 0.0130924203534665 0.00849534092498559 4.05090581159809e-05 0.022103684592896 0.0129035426143908 0.0148263203017003 0.0026692141341067 0.00241160171050332 0.00481940935558237 1 1 1 1 1.0039397617802 0.326628328999504 0.0247715967707336 0.162711632670835 2
0.158174889458974 0.00857921245005403 0.00333215355770117 0.910588263886664 0.132052021636699 0.00750488724480542 0.00317333098796405 1.16501087531659 0.0930421825508783 0.0136466935773717 0.00936720950673275 0.0220980792853741 0 0 1 0 1.54005571315065 0.942784613231197 0.36185066960752 0.0127429524436593 3
0.00696727377146771 0.00179065911789385 0.00410976761787672 0.0201724582603676 0.0107046773276226 0.00192384434762453 2.67400006461974e-05 0.0723384408524288 0.00936154487488128 0.00285962346404028 0.00208454467249272 0.0250769519959243 0 1 1 1 0.701285149902105 0.456748500000685 0.0254929212387651 0.0783239570446312 4
0.0533093176305596 0.00597305240691029 0.0114821821865934 0.0980627028924694 0.0566695656774147 0.0068750966291451 0.0244400635269033 0.106482794869736 0.129355569030867 0.00560073107561271 0.0050541777389881 0.122771354896284 0 1 1 0 1.33121683495119 0.304883275413886 0.0177239710465074 0.692625114694238 5
0.030585529924413 2.00378945113688e-05 0.00435364492684715 0.053643937049872 0.0340951985192588 0.000856840734438111 0.00560313666399806 0.0630983208278244 0.167804285984304 0.0111984303395398 0.0100983177315867 0.163541362225571 1 1 1 1 1.79029444232583 0.684289930388331 0.149843604303896 0.869767326395959 6
0.0623828714621133 0.00221166198483161 0.0700875361828679 0.084510742752522 0.0555563511554723 0.0019964163698115 0.08241093610482 0.0786208447372113 0.171400163656941 0.0175961320612054 0.0140013144895937 0.162788289972192 1 1 1 1 1.14349149307236 0.536283893976361 0.0915618345607072 0.524219667539001 7
0.0698135170020036 0.00025118324848312 0.000834543419870625 0.170686085824177 0.0584283007430418 0.000513369064176879 0.0008293965952356 0.142943153620847 0.130440493593761 0.00657382083303348 0.00597634433284125 0.143598157799789 0 1 1 0 1.56050599738955 0.637203397462144 0.233300005318597 0.668867945903912 8
0.00669513718624318 0.000206930760032607 0.00152735022443296 0.0676045935985227 0.000992434760119867 5.47276283098574e-05 0.000383107533949412 0.0459628558273823 0.0295688950917457 0.00403445872892894 0.0029408791764302 0.0460982779472588 1 1 1 1 1.07441852940246 0.26117097097449 0.0339893251657486 0.349979129619896 9
0.0338342251599437 0.000135025644873822 0.00186958965897143 0.0954603004828371 0.0388210366283206 4.93528248442506e-05 0.00112560973055342 0.10491285852627 0.094610070350839 0.00394183592330011 0.00379922987841325 0.100724119702548 1 1 1 1 1.06817620107904 0.28374484134838 0.0390948338899761 0.405133123509586 10
0.0459112701077853 0.054164086747919 0.0508351235547723 1.53459496687287 0.0304043938483673 0.0536171531518961 0.197432668444122 1.85119159831338 0.0885267506789016 0.0324087355629051 0.0292747328501552 0.0868732796697646 1 0 1 0 0.513322463724762 0.415628093760461 0.0779313575476408 0.0305227264761925 11
0.00869738323083987 0.00106206581007109 0.00295106141325053 0.0329944131960568 0.0185508238470734 0.000912646203187841 0.00208065688029657 0.0503847372151948 0.0834479690753451 0.00374593341969448 0.00304447634908217 0.0923714114555479 1 1 1 1 1.25396963302046 0.259086672216654 0.0873338542878628 0.453100867336616 12
0.000830726730924814 0.000175159446207251 0.0073806223567298 0.0250212876653238 0.000928129148529048 0.000261844307814321 0.00748948555777594 0.0206805991243593 0.0143302567618258 0.00506000912273319 0.0040596909081983 0.0296921286672439 1 1 1 1 1.28867208724841 0.56205772398971 0.0713672018609941 0.313750441418961 13
0.117807970752058 0.00229006851829726 0.0033009562263848 0.241976930934285 0.114613995810907 0.00232164733779232 0.00491857931206001 0.24041568958109 0.206425025139638 0.00998316986079695 0.0105482449878782 0.214785566929524 0 1 1 0 1.99554483033717 0.776968540856615 0.201026257826015 0.966969619970769 14
0.0382769104748443 0.00220106907943633 0.00154015423796677 0.0934068439331029 0.0514614302482522 0.00230534638584984 0.00431359643328818 0.12280672007683 0.173102312432407 0.00609986230814319 0.00618141860861579 0.177411351611456 1 1 1 1 1.45113623607904 0.517861147643998 0.144224777352065 0.605628827819601 15
0.00686805283222434 0.00145292007018144 0.000919556084447307 0.0138386578134068 0.00330504938104029 0.000876822696410933 0.000771884955755423 0.0135812844198167 0.173428772111554 0.0185955707792607 0.0171972436710816 0.168472157018229 1 1 1 1 1.77554774377495 0.910309325205162 0.332796147791669 0.74725797213614 16
0.0631538700594172 0.0009794175302765 0.00752540665393785 0.130910503423645 0.0720590271758847 0.00119534248054517 0.0100898580205922 0.148757188265925 0.148946145188291 0.0113129496356432 0.0113300360679098 0.150903481322066 0 1 1 0 1.99290022393689 0.811510586645454 0.0934409152250737 0.969843920785934 17
0.00270530617464971 0.000556875941654698 0.000384746042475711 0.0106195826683391 0.0225068699784063 0.000982948941017401 0.000540803689446714 0.0592685027217534 0.0875563453126367 0.00591791098142636 0.00481821200773727 0.113064207329167 1 1 1 1 1.12181222438812 0.652303830254823 0.215611922554672 0.297541262814775 18
0.0123636042315129 0.00353213944766945 0.00435674123830877 0.0217131790094061 0.00821949972131405 0.00292384435729134 0.00501181204876599 0.0230646710895348 0.135522897209536 0.00634963602165095 0.0055319308265353 0.153493295860989 1 1 1 1 1.39790877746418 0.711442576022819 0.272970167221501 0.492779911495745 19
0.00446675202840975 0.00275026955089806 1.80341877949092e-05 0.290269060485644 0.0068806766589017 0.00275787426363506 0.000934582681078244 0.305914739155154 0.0286518512558867 0.00891376646608455 0.00845324095604832 0.060675192547294 1 1 1 0 1.49513221206143 0.969297251896933 0.276013411115855 0.208839517552406 20
0.0329885747641096 0.00269571528297839 0.00532286562533145 0.160307789928671 0.0299827277916718 0.0027622775198412 0.00390891485016356 0.157301071268402 0.0391505958042622 0.00487389436142527 0.00493508785142768 0.0573601660823327 0 1 1 0 1.05361191835254 0.57580360583961 0.0995876919478178 0.290397075936198 21
0.00387428693006052 0.000939872908591649 0.0118936211968204 0.0335198392093898 0.00449316902203607 0.000886347870966491 0.0151670788799088 0.0335521524885563 0.00919454108656836 0.00266456062309961 0.0026682938975786 0.0103146520147371 1 1 1 0 0.954917162191123 0.356173918116838 0.0360350233968347 0.189678232418373 22
0.0978975330681994 0.0030968222630293 0.00630110807613876 0.227011817901981 0.0964948290175879 0.00280297690477023 0.00656009743825868 0.223568824492759 0.177664025873163 0.00975629945559242 0.00901936319243152 0.179992451270393 0 1 1 0 1.90559195447713 0.899211432784796 0.296899850713089 0.858766416320577 23
0.00609509320391335 0.0124908659575826 0.0122484589232226 0.00332973538049587 0.00425908092019879 0.0150722389996465 0.0168079380069747 0.0256908260924974 0.198932590608194 0.0149359539824405 0.0104905024148191 0.193699488842725 1 1 1 1 1.44636415783316 0.339705681428313 0.107949075521901 0.65327877108939 24
0.0107745241342162 0.00459729469798873 0.00470752671458238 0.029215702368233 0.0192033361229577 0.0075611614830467 0.00492361751591249 0.0520148597330683 0.151287636221634 0.00864844490550587 0.00711507244791003 0.151193208302328 1 1 1 1 1.32452690880746 0.388966808328405 0.108819713583216 0.56022155075334 25
0.119528768981067 0.00277429241831983 0.000647760568501207 0.295718504824718 0.10501959204947 0.00239967075833667 0.00356034942637267 0.269590410908708 0.105554747806871 0.00555343473034553 0.00519850556595024 0.122145346859788 0 1 1 0 1.62347775837407 0.581902888603508 0.0563015448860824 0.706641011638567 26
0.0400769966530687 0.000350706799616405 0.00615018522521507 0.428006060136867 0.0525678131042234 0.000447903931622942 0.005790557320854 0.481209828306484 0.105284708746817 0.0128857561810567 0.0113283896717601 0.136363269702764 0 1 1 0 1.53594088042155 0.81922329030931 0.305421998491511 0.338864039396867 27
0.0133003344329438 0.00117919114253557 0.00146178902950082 0.047611342481193 0.0195161818254419 0.00128625445317487 0.00201334821142274 0.258221198130237 0.0390907463656627 0.00730663183984437 0.00594432722810345 0.0655113159023064 1 1 1 1 1.15449209976941 0.887741309823468 0.262252214364707 0.0839636714663357 28
0.0435711571258376 0.0301012477292794 0.00804077522818335 0.0780283275462401 0.0405080342162509 0.0215050833411487 0.0170596684162669 0.0659659443797139 0.265288854045028 0.0489615460446977 0.0287471231569612 0.204544407972684 1 1 1 1 1.33023223374039 0.746596497716382 0.208682954544201 0.583391360472888 29
0.0773950538212829 0.000836191704580678 0.00130248999965837 0.40806619587127 0.0922217619453297 0.00117281290089017 0.00175375722409397 0.465633843330394 0.150546405063287 0.00738441081701491 0.00750136099753457 0.158592484315317 0 1 1 0 1.33386314334348 0.872996591031551 0.203180402750149 0.30182553594932 30
0.0422584498202111 0.000161638298238757 0.00171189484460739 0.230159966808661 0.0676346916371006 0.00166078092374927 0.00439296840090584 0.318965815026908 0.0679714858793351 0.00594871386847051 0.00661143617478216 0.0816016853429434 0 1 1 0 0.688756848219782 0.274017054587603 0.0872250210959464 0.193582792533562 31
0.0123159151534058 0.00334673498581848 0.00115969833244067 0.0481688153818916 0.0117355417673659 0.00351875249863428 0.00103349762732476 0.046812158150009 0.0151656054084552 0.00469284394888259 0.00396584222111895 0.0214886223522738 0 1 1 0 1.29387468472123 0.575448069022968 0.175699963932857 0.262439309619367 32
0.00665049263934234 0.000983793064192214 0.0553014965505964 0.0283493225255838 0.0128992623065958 0.00102277971244235 0.12131998913971 0.0470988112965639 0.112650062982663 0.0116327000418385 0.00973307451318555 0.132753517417151 1 1 1 1 1.75933794490993 0.813062491128221 0.0136818464379758 0.553855386795476 33
0.0459003796253347 0.00167669968804969 4.5806066094717e-05 0.167686952766702 0.0635038320527351 0.00238055227182961 0.00219569704532099 0.210423391962897 0.137923051916422 0.0101613556356712 0.00865916515469525 0.14452271480162 1 1 1 0 1.16705680824816 0.476208231644705 0.181993168545887 0.41035085869953 34
0.018980619975049 0.00271319893325857 0.000195516161002618 0.0626466701778201 0.0172434044907591 0.00299540015913695 0.00649350942187107 0.0645429490542744 0.0206699716259027 0.00484966532573994 0.00403514438594262 0.0135904520183703 0 1 1 0 1.17711958056316 0.644914431497455 0.0495403523091227 0.143317127134651 35
0.0398835498356988 0.00645653917890539 0.00083067304165375 0.0836854345164025 0.0331222788049717 0.00781290319122442 0.00584909573429666 0.0710998080638547 0.176708781501682 0.0170568083335815 0.0164244438034216 0.176913392385967 1 1 1 1 1.68119246279821 0.769982621539384 0.222718141041696 0.688786606071517 36
0.0117603938508246 0.00280509575037066 0.00256811000627317 0.0381156495055448 0.0126748932070998 0.00536938034285691 0.00603084753597956 0.0331235596484785 0.199547260439139 0.012910590330275 0.0140648803318866 0.199338798368571 1 1 1 1 1.64126262674108 0.619784055510536 0.251746017718688 0.749476840021089 37
0.0081605242748303 0.00187326683968159 0.0226280658398282 0.0838830849046667 0.010225481456214 0.00194020991808402 0.00617945676462717 0.0914569489245126 0.020054553603579 0.00488583349912519 0.00480859782717695 0.035098638969912 1 1 1 1 0.992088751867414 0.57340398314409 0.0101286671124399 0.198892145883292 38
0.027884191616017 0.00128202184078029 0.00354822414819188 0.0558271813305337 0.0304465697767536 0.00128016396736228 0.00436918629869106 0.0686248088582505 0.175982894281639 0.00897421665296827 0.00849849930445079 0.180691210958849 1 1 1 1 1.76681672409177 0.479268473107368 0.193412908585742 0.854545774869621 39
0.0296255339745627 0.0018420520256713 0.00493877558974998 0.0512163632952172 0.0229748961183518 0.000976640097599759 0.00666233575532111 0.0419915958022091 0.133548087318018 0.00574232275581427 0.00540878816496557 0.12558245165279 1 1 1 1 1.54564368957654 0.386336194816977 0.126319787232205 0.807476628338918 40
0.0368905639446063 0.00276538167604627 0.00307563407797567 0.110205484885948 0.0289048111278092 0.00240033494689092 0.0206947711673376 0.0908961721667354 0.12383004816513 0.00782786445765016 0.00774995262042628 0.140639834542691 1 1 1 1 1.59618093259633 0.745609080651775 0.0292485177051276 0.627908543683589 41
0.00670255833106148 9.0662184217541e-05 0.00399081110658595 0.0533623581616724 0.00445790406853608 0.000305394200657442 0.00602550390501876 0.0415358887462717 0.0335343054753972 0.00830229404013427 0.0076488501636903 0.0623255816883054 1 1 1 1 1.80037733260542 0.866887699812651 0.227296380093321 0.50001604296267 42
0.0081559850337047 0.00569146190953265 0.00103628117538426 0.0986019472990916 0.0214405185515723 0.00596091355677649 0.00161971103832363 0.139494730148534 0.102913043585859 0.00504183924200097 0.00403109344636973 0.117059237423397 1 0 1 1 0.917455810587853 0.568465084536001 0.130019178846851 0.214686037972569 43
0.0106483604892962 0.00417060000587849 0.00292795811733634 0.0291731217882654 0.00572491139717972 0.00455486261675485 0.0049723876065562 0.014914847710677 0.0621016106445347 0.00658058511685788 0.00656977657563182 0.0877036961408694 1 1 1 1 1.42569329869002 0.609800279606134 0.20088469539769 0.445968879153952 44
0.0341926523329936 0.00261514502635929 0.00331277238127991 0.0620183240812171 0.0425265371580397 0.00468724259708329 0.00519746822581207 0.076084707981398 0.14574756989949 0.00722028372355599 0.00677996108269924 0.13373990649418 1 1 1 1 1.65019747801125 0.363643967080861 0.119411256629974 0.937808546470478 45
0.0343793030322625 0.00104491944292803 0.00274386722826337 0.0694263483646058 0.0243615148823603 0.00014171566898575 0.00227058922255166 0.0459285019098089 0.168252360615534 0.0185606499903009 0.0176788921367851 0.168650758086036 1 1 1 1 1.78900625696406 0.717816187534481 0.0812688719015568 0.786931170150638 46
0.00520026798043737 0.00321033789586458 0.105890899972778 0.0039990984497707 0.000258989721957744 0.00528564333373457 0.131353364323671 0.0147338947378151 0.200292169272657 0.0101304912643362 0.0088517344779666 0.182958390795426 1 1 1 1 1.42885018093511 0.269676957046613 0.0272253048606217 0.729943894781172 47
0.0105723842103707 0.00182873910528479 0.00633568797661176 0.0575106924385353 0.0109786822763937 0.00271196704289906 0.00610831971860618 0.0581423874294065 0.0457916958748623 0.0112978969368159 0.0117054957787553 0.063830565027442 1 1 1 0 1.96896930364892 0.975077951094136 0.0839453472290188 0.565432354342192 48
0.0138378727014965 0.00731733971043697 0.00175301549980588 0.00490790611718708 0.0150035615142527 0.00823971041749669 0.00465031841902466 0.0049180348476671 0.040223466256555 0.00490856209264429 0.00362494461644136 0.000671952859622085 0 1 1 1 1.51161306584254 0.290656073018909 0.0330888901371509 0.0330038003157824 49
0.143839611083677 0.00117846137563917 0.0123140620037945 0.320959011617554 0.129782499087025 0.000468721532462545 0.0238276721271257 0.295213074056143 0.176301047508768 0.00754387253027167 0.00781122319888788 0.189171605969609 0 1 1 0 1.70857795840129 0.686871864832938 0.0787511875387281 0.805885064415634 50
0.0809264839747283 0.0150174676664438 0.020044141309426 0.130132159117324 0.0816552992096575 0.0199335926232823 0.012082593957128 0.144366853844444 0.224839464552242 0.0355366105489787 0.0272382114204344 0.223016160876864 0 1 1 0 1.75077651347965 0.786248719086871 0.175236573442817 0.887656368780881 51
0.079572636705944 0.000303922064093225 0.00262650105086598 0.17200940579996 0.0617804432728249 0.000789015610823605 0.0028906234850297 0.136616333349219 0.178586611026801 0.0075019983380975 0.00721727592277463 0.186841596233251 0 1 1 0 1.4147145729512 0.573537597432733 0.20333709823899 0.659218210494146 52
0.000880354418819156 0.000207492714721388 0.00977889019545831 0.0395030165872988 0.0118061076345456 0.000761510918530216 0.00449023142390209 0.0200457272901052 0.0301102527118038 0.00326980837929652 0.00294573962991665 0.0537170469774232 1 1 1 1 1.08593318285421 0.375244610244408 0.0723631745204329 0.329942008014768 53
0.00662306182985674 0.00553130796380072 0.00038058893789158 0.0363726366703731 0.0119529074559057 0.00722715629187083 0.000773894313999401 0.0443557313854123 0.161391696624109 0.0164991668650755 0.0149812008010091 0.171573561007295 1 1 1 1 1.74631665181369 0.868610889883712 0.36691697104834 0.628229703987017 54
0.00370775937087096 0.000460800371335512 0.00490227647355469 0.0155344493604419 0.00386724326811222 0.00020519807329269 0.00330182072279847 0.0193224592542781 0.0233881486160177 0.00456790912189564 0.00360943896021357 0.0136941814439716 1 1 1 1 1.39903084049001 0.873160670045763 0.142407559324056 0.148372888099402 55
0.0312888984154103 0.00519629576986719 2.10785180989114e-05 0.0497231655210369 0.0322093626686757 0.00597220408305152 0.00211415205097285 0.0462882290737604 0.186052070055821 0.00679311455308534 0.00676053519934797 0.188479701835038 1 1 1 1 1.17869538674131 0.318340430734679 0.144795483443886 0.747729661874473 61
0.00899820640322959 0.000839069772427801 0.000389145348144773 0.0336136488504028 0.00792664649969891 0.000954875883873203 0.0018690519859844 0.0424188715509921 0.0382908931443846 0.00710568829097713 0.00684144742283549 0.0349714731267126 1 1 1 1 1.64083431707695 0.948316963855177 0.198992298683152 0.20256760623306 62
0.0128853737009947 0.000308333125328437 0.00300771299831576 0.0257830820764331 0.0119691153407201 6.98654132470762e-05 0.00327930789823122 0.0187317270684138 0.154121915527184 0.00534623638182258 0.00430312548013642 0.143159858929475 1 1 1 1 1.47708100220188 0.304484145017341 0.117663246812299 0.675865403143689 63
0.00903629641491288 0.00121873179708599 0.00559460404190254 0.0418759477561524 0.0178776918582007 0.000380914341501312 0.00736234461484645 0.0555813215471519 0.0988621940898875 0.00516641857728334 0.00407964003857619 0.119816680348101 1 1 1 1 1.43330241367221 0.469880353892222 0.180123190395534 0.490995169617236 64
0.188160318008538 0.00655394867436354 0.00958233850687122 0.288822532529559 0.182555650844564 0.00834786241229845 0.027629472587367 0.280150284759845 0.158997791795561 0.00699592700585341 0.00733699144153877 0.156034468899146 0 1 1 0 1.16290254564956 0.183706197654828 0.0405289616901428 0.704619693337008 65
0.00668571838618732 0.000369371888616464 0.00193952953554833 0.0123428400014979 0.00789868426277403 0.000731998950581024 0.0016121254407928 0.00963336483890852 0.0243538344631091 0.00423574994909048 0.00417753665617854 0.0125389044357272 1 1 1 1 1.27151663508266 0.338516823248938 0.14444093266502 0.247696628328413 76
0.00559763844595306 0.00306274465319461 0.000205940561168121 0.104208468750712 0.00553434982541767 0.00326555630641196 0.000239894948164736 0.100127388085604 0.00867967973458783 0.00370728611087068 0.00351063345586444 0.0238204726098064 0 0 1 0 1.07897741766647 0.68392857327126 0.267426738515496 0.201299786102027 77
0.00130623145825014 0.000934119752245789 0.00548520610074032 0.0616996353141859 0.00591431345700615 0.00358096857164177 0.0161466295928785 0.0502816312096589 0.226102097499014 0.0190191163987669 0.0184185163546109 0.182735080784165 1 1 1 1 1.60210255673155 0.830231344792992 0.367578281089664 0.664878014242277 78
0.000996804312124362 0.00071510173749867 0.0163255866546167 0.0181805938174561 0.0051956955495224 0.000734607278366663 0.0127680875036312 0.00825382239115394 0.0524426765935397 0.00925609412661799 0.00911339371059577 0.0766553225096979 1 1 1 1 1.4811228341423 0.933115994557738 0.0391989876516163 0.317262266762555 79
0.00743542801017377 0.0037958496732702 9.97837158889934e-05 0.0106859720346765 0.0107272877338409 0.00383601944332135 4.71015445257349e-05 0.0164186317072883 0.0160910229933959 0.00448609701966662 0.0036695759562988 0.0405120777140163 0 0 1 1 1.1059691645205 0.764175681630149 0.323051849845797 0.158664148533717 80
0.00161863761011773 0.000817600213751619 0.025693975997117 0.00310833819717112 0.00249137975582744 0.000741129449836863 0.0265006189061366 0.000333348427775165 0.0275350796806193 0.005825982190098 0.00409176310586979 0.0214313464479443 1 1 1 1 1.27792575443164 0.966991814319044 0.0654663851018995 0.101655689999461 81
0.00366839595162717 0.00206702783621754 0.000823554454401906 0.0259818732221583 0.00752425265289705 0.002285169356021 0.00390082396247642 0.0327378025299425 0.132723750693115 0.00830056403221502 0.00732194218579182 0.14869995754199 1 1 1 1 1.77187600219622 0.980679680593312 0.134610302280635 0.602341853315011 82
0.0306208303681668 0.00947099589345088 0.0354079221649173 0.104305937844278 0.0461361130654125 0.0119817668712286 0.026937780605252 0.144043796353792 0.109042839382632 0.00527777532217885 0.00403472958940231 0.127299819837536 1 0 1 1 1.19855506764725 0.246586051536724 0.0100741644855589 0.383762477431446 83
0.0538940231736705 0.000687587693124225 0.0112642019322689 0.113209068254678 0.0480675878617862 0.00124994788825397 0.022928356160268 0.105052883840969 0.113298716929539 0.00460976658917528 0.00418145751070399 0.111165166465772 0 1 1 1 1.09902399824932 0.273382934974506 0.0293370082508773 0.509707205928862 84
0.029171227278347 0.0263735574326294 0.00563391973006233 0.0741579160377599 0.0440175887568987 0.030546882618065 0.00287958999515137 0.183632129839614 0.0747296584191595 0.0229192365815212 0.0177385495924632 0.0907274475807419 1 0 1 1 0.681999451015145 0.524251558119431 0.239508895669132 0.0809701525140554 85
0.00213439068918859 0.000283241059446677 0.054509036464672 0.0132489420375713 0.00247961720685982 0.00082368665601267 0.0707968297644119 0.0131881880472444 0.0179601351841883 0.0033437644907231 0.00274627012734883 0.00425767729220713 1 1 1 0 1.42299400363117 0.259661698713899 0.0134647584054619 0.1624670852907 86
0.0352602156082257 0.00354403470679558 0.040012083446665 0.354419746538859 0.0433212956036239 0.0274365721293494 0.12033174272325 0.424425763591362 0.20717188770636 0.0813213129297283 0.0849831366692291 0.193789407936464 1 1 1 1 1.19886562693864 0.96049494901672 0.210728319361806 0.182071308372542 87
0.0801552525772184 0.00125595249616296 0.00167359009920683 0.14548150687342 0.0817536174970857 0.00129852826566878 0.00323859361121666 0.146598070423948 0.188527245345091 0.00900088320727332 0.00974130764515124 0.183505799613366 0 1 1 0 1.56535166269168 0.524979378096759 0.118019520770758 0.90673198364675 88
0.0861782670251994 0.0575145260748748 0.334740990789261 0.0498011793719315 0.0709541388634547 0.0951549376020194 0.411678206782921 0.0165781775087058 0.23379698389495 0.0959189849272659 0.0846070516021648 0.227840192077137 1 1 0 1 0.88625013269484 0.446366888703778 0.148047736380249 0.432289927499369 89
0.0233723967376082 0.00171406053263255 0.00105006697022735 0.0711936300219504 0.0208397079978661 0.00246838149289392 0.00012439860379841 0.0686112816486372 0.103212438157451 0.00853401045856161 0.0082001361768213 0.122847212082762 1 1 1 1 1.86671740468591 0.753209598362446 0.167453079251572 0.704245692817494 90
0.00341328587485427 0.00248215042579879 0.000738095639602924 0.0293368170542283 0.00630988422700195 0.0023457799885186 0.00063767261643623 0.0326100418855612 0.0485909887053058 0.00673970770994214 0.00569625775537375 0.0201736686052355 1 1 1 1 1.65605641435832 0.964752489235252 0.225094461813569 0.180579631822184 91
0.00351729054423965 0.00553062473327209 0.00275697423546093 0.00838672351808877 0.00555974399089252 0.00643092242896748 0.00385872621121875 0.00940153175393452 0.0292882128681555 0.00663175837279562 0.00479084197567202 0.00274093904419058 1 1 1 1 1.59303466742858 0.269808508688584 0.10133135644719 0.0929480462800711 92
0.0688777128204465 0.00404580883209917 0.0153215744268694 0.100484225211826 0.0692269669774373 0.0100025345955213 0.0346176439749722 0.104225085784754 0.180591038860299 0.0135919713069043 0.011471459491857 0.183846122513872 1 1 1 1 1.28797213267535 0.3027829087805 0.0263984987977892 0.900887617375702 93
0.0306222150704429 0.00344359177964349 0.0021098133793249 0.0619625920335012 0.0222021946782742 0.00437552260474744 0.00409658849860096 0.0464921517013714 0.1422514300094 0.0055565071779331 0.00463081515389532 0.144484081579878 1 1 1 1 1.56368562486023 0.402162624290213 0.120756253134459 0.675922867609188 94
0.106306542017015 0.00126648181944928 0.0277579219107196 0.169176996756094 0.091939235084555 0.00117955389057223 0.0442074332121553 0.150796705985917 0.167296947780983 0.00738236978140866 0.00577274136843849 0.163609628366308 0 1 1 0 1.28920260863379 0.365261931205168 0.0161844259127975 0.740825419314206 95
0.112262347315688 0.00138880129666701 0.00215827661852385 0.220888238376927 0.126592110404684 0.0017257764290468 0.00192306983293964 0.249086560365846 0.162902732381315 0.00616211129771904 0.00653231544556619 0.161476933736035 0 1 1 0 1.02984096249565 0.378520963713527 0.0850180946290493 0.509817961137742 96
0.107219513917197 0.0367949907986758 0.0818607823393953 0.156567232995086 0.102634576783905 0.0403894403893937 0.0998342034679848 0.153677208937369 0.205771978332662 0.0317557483892557 0.0193653470816501 0.195228140448573 0 0 1 0 1.80826173443347 0.45680502965115 0.0636956105008721 0.890211947029456 97
0.0138714012602036 0.000639481727154646 0.000656534899894112 0.0594682563205915 0.0265036429775218 0.000303317091869902 0.000649824973845533 0.103013467960302 0.0731416806693745 0.00557641472088266 0.00576610203611193 0.0904346566021604 1 1 1 1 1.46824479103088 0.648094429867342 0.120551144005731 0.435484500369057 98
0.0564378891083057 0.00460896418832892 0.00148624760353401 0.552440924000471 0.0646037441541842 0.0035840204834668 0.00199696171677673 0.606394481966858 0.0916138345194519 0.00663229473732541 0.00683522888410888 0.116248659162342 0 0 1 0 1.47360026603565 0.987892950186506 0.103742103092372 0.241834082407877 99
0.0316709528991704 0.000166940027673934 0.018366780895027 0.180357593047379 0.0172395481734153 9.77092962925963e-05 0.0191549477292982 0.126898555984353 0.100272567759072 0.00929256853719218 0.00738068289750546 0.115956283726248 1 1 1 1 1.15167446900159 0.823573026806116 0.0906598328147084 0.205427017761394 100
0.157220509700835 0.00814471201054372 0.0102358337966531 0.305952729501911 0.143730021113597 0.035828515689959 0.034800831991522 0.28384283186504 0.169634864611672 0.0303356460037376 0.0239996857174193 0.239173095312869 0 1 1 0 1.52716022077948 0.737695465795696 0.163626953260973 0.696092047262937 101
0.00231622748963599 0.00220421132848304 0.000758901302152788 0.020898169949539 0.0042591722340368 0.0021082250252809 0.00101028214449345 0.00570721347111466 0.0656537909881891 0.00785886200034258 0.00788847969264644 0.103192035427253 1 1 1 1 1.63577365968376 0.986487993504852 0.383424478117377 0.388243217486888 102
0.00770828896678875 0.000747248970973221 0.000148169471280067 0.048911697393725 0.0034470033837893 0.00105034953392451 0.00271023205998514 0.0344673288904637 0.0435461139071369 0.00613068600823685 0.00568244539116813 0.0649157277034813 1 1 1 1 1.46793189179152 0.842703562229872 0.161054811673239 0.388288215966895 103
0.0385326318917536 0.000647107347214093 0.0052650281456124 0.109224069746692 0.03576838874049 0.00115331263500497 0.00535775184357618 0.100543942906732 0.190040218723149 0.0119513876204449 0.0132827403989708 0.195743335125995 1 1 1 1 1.83091538213193 0.862672008341178 0.3240014645271 0.786945214029402 104
0.0959299559545649 0.00609583410217002 0.0150278120150241 0.159561270176924 0.088982139294203 0.00729041679683241 0.0664024780694431 0.135511329009006 0.193153785827283 0.0200265229809721 0.0178305304687159 0.200623598630248 0 1 1 1 1.39914635382593 0.708692834945396 0.0941834254190326 0.600150750251487 105
0.0113515567410022 0.000720965430309856 0.00296752161134187 0.0335403377366245 0.0277320188906861 0.000423595054891459 0.00615841507145356 0.0752095849724139 0.192701930349737 0.0112687865589084 0.0127840197796808 0.216005016970143 1 1 1 1 1.57524196291342 0.817474620649591 0.25572235416621 0.518341111019254 136
0.0510870911959801 0.0081957477760915 0.0242103053504035 0.144187673559129 0.0649953504767319 0.00713662856615006 0.0238316835145086 0.183669791006558 0.14581168443145 0.00831618011438973 0.00589497273709359 0.153044051284227 1 1 1 1 0.939082272816449 0.512905430281535 0.102034887066111 0.336192601360381 137
0.0501397152956292 0.00104335862508142 0.000210601916577397 0.119434196049581 0.0395537441154235 0.00181941897540399 9.62373117309468e-05 0.100533094935142 0.151124314652239 0.00881837405825003 0.00853851307151862 0.158102433786346 1 1 1 1 1.74703015293926 0.655755027430132 0.244433786021546 0.735368025489151 138
0.000133091624131927 0.00119289682657332 0.00269231043462899 0.0200988701373167 0.00394546752410025 0.00110970022776736 0.00224545638913861 0.0319268421393634 0.0321854703824378 0.00501626272762534 0.00404130510317161 0.0162140381125034 1 1 1 1 1.55536133330315 0.923002098221332 0.217502195155248 0.16478222515434 139
0.011522010893508 0.00290889760705677 0.00214075473902421 0.0500638646625722 0.00678816667785765 0.00277863054492711 0.00177688308866979 0.0354625857457784 0.0620671806842432 0.00595055197397998 0.00485966085219569 0.0141604049417995 1 1 1 1 1.53820656752214 0.965009984793141 0.374760367209092 0.106090806890279 140
0.00220932999828778 0.00188828346022897 0.0196618632366108 0.0127894828633465 0.00107350207252043 0.00180913238320397 0.0199688354505142 0.024588249050293 0.0506896455097026 0.00438813514552128 0.00353863693909251 0.00766845331253181 1 1 0 1 1.42434225184843 0.802161605563015 0.235966319683939 0.0890944460406899 141
0.00243662673454233 0.00102977412389144 0.00201143734846437 0.0398369256374561 0.00292085608375694 0.00140211516518846 0.00298902331801292 0.03867770036701 0.0106264249081686 0.00251846437966238 0.00206368241897726 0.0100350909530576 1 1 1 0 0.840781179256737 0.232541934354231 0.0478695291094482 0.209006621036679 142
0.00958929512043782 0.000509951026013336 0.00870769752477275 0.0177013130285366 0.0100390947808865 0.000283857294994033 0.00868240115208595 0.0187133805466501 0.0184417594156621 0.00257195131983778 0.00217481595870704 0.0024305562067414 0 1 0 0 0.986797175835818 0.429446791298687 0.126605201978236 0.0880732778459787 143
0.00309668785513649 0.00292458019529405 0.00134986594253938 0.0018124998342804 0.00232580830993905 0.00296065140338367 0.00087633699790704 0.00465769583912261 0.0390059102951676 0.00439510589783665 0.00367086131798089 0.0131669840769532 1 0 1 1 1.39671241957694 0.801504180300981 0.154004799202085 0.132380713243037 144
0.0119013253096516 0.00188559989551373 0.00371590702022009 0.0392148704343358 0.0120822655775839 0.00181193568928741 0.00371862406590878 0.0388614314009456 0.0209503270118034 0.00378027162141636 0.00292498377333139 0.0104938607727039 0 1 1 0 1.26962660672143 0.704531797673553 0.138853709679097 0.145007730461657 145
0.0309619507984538 0.00202455099236383 0.00189602934134683 0.253411470754508 0.0403058887620777 0.00318616547037801 0.000821635148539389 0.2877371732948 0.0700201133289211 0.0128846497641955 0.0121948479410632 0.0817169623372563 0 1 1 0 1.064552038908 0.577023763908073 0.22346173110418 0.245023691095412 146
0.00145887786715803 0.000447894548607435 0.00355570734351736 0.0164363038408932 0.00239668552886126 0.000307712474902902 0.0072916585125571 0.01777133598477 0.0108102638526322 0.00220198988122633 0.00219861278308291 0.00518297184240943 1 1 1 1 0.750818411353976 0.406815295806155 0.0401492703240365 0.098647567210719 147
0.0728816729831556 0.0053692729258926 0.000168436155492604 0.291455631818013 0.0313335732920951 0.00667144486949167 0.00933501855321402 0.112262734635979 0.143386233771285 0.0217715005470452 0.0144958257277012 0.138276164813312 0 1 1 0 1.3584800651297 0.980644116410986 0.385580960428342 0.292845429154113 148
0.0102763406471321 0.00269804602472043 0.00443701305437574 0.0106934627465612 0.0148996230280995 0.00275612204489549 0.00168425719369515 0.0107827746658675 0.0344637697961097 0.00425861290278107 0.00416169855548124 0.0017683214961717 1 1 1 1 1.36884180223569 0.330096299760044 0.101329211844131 0.0603596139699221 149
0.0872665728619599 0.00238424543417375 0.0100817142986471 0.208702744577003 0.0786146745507029 0.00314194128694596 0.0176558649844312 0.193245319347649 0.113496283885272 0.00833227660290181 0.00754075893190789 0.126851884073879 0 1 1 0 1.86440014280379 0.651545585133135 0.0615028149913996 0.818934508832172 150
0.00320871290014699 7.88250147384476e-05 0.000152586151757392 0.00170664057155812 0.0175705634777294 0.000340664821424722 0.000675941049884032 0.0510571308160152 0.0986368117680545 0.0069384931946066 0.00741251752679417 0.113913451759691 1 1 1 1 1.38163592340425 0.527611131314188 0.117403786629438 0.448260172270238 151
0.00778375264944374 0.00343410297117933 0.00603929825198703 0.00160147785977104 0.00793522349983855 0.0027521474543634 0.00551212046476487 0.00170010779642214 0.020256458355645 0.00276432975130433 0.00240881899545969 0.000490622146383506 1 1 1 1 1.05775678157806 0.177588424412534 0.0177894132211804 0.0282952601555735 152
0.199021900323934 0.00593565138924419 0.0866005410044289 0.221465850520438 0.194804137453579 0.00529715496621836 0.138102895408155 0.216691146519472 0.203852481916124 0.0152696585167201 0.0157580405154635 0.205005228448612 0 1 1 0 1.09359874390066 0.159678103169426 0.0296433439943939 0.889958090148866 153
0.0457767081964693 7.28032430298895e-05 0.00169328315890911 0.0979898930727398 0.0486241739930157 9.02405254041603e-05 0.00307558632901276 0.105829276017387 0.173440631503075 0.00883417533380548 0.00955966559287613 0.173725686426732 0 1 1 0 1.77112595224753 0.694236997747794 0.23965665185824 0.834020861890167 154
0.00755821633822906 0.00119694178862114 0.00396541790073968 0.0252591659699072 0.00658428714692897 0.00148677694585364 0.00339342044527398 0.0260708164756151 0.0150693252676832 0.00270033569920147 0.00247523340501195 0.0064616997123462 0 1 1 0 1.06605137744918 0.522748469607905 0.107421365566552 0.127208366524428 155
0.536418379210685 0.153924738789175 1.11150632916028 11.8119508603426 0.507936659444672 0.235737979725429 1.40740647783478 17.0148355651895 0.243939684596443 0.123300978336747 0.0955024514730997 0.240274112150786 0 1 0 0 1.10832266695797 0.331950969062746 0.0503867527004331 0.0111957301851362 156
0.00268701194950989 0.00202365134344537 0.00295641768612147 0.0657338414140293 0.00225379741116152 0.0018636190042243 0.00725000671825501 0.0627792324307723 0.0103414397225279 0.00480152430088476 0.0040400836747633 0.0226682162092752 1 1 1 1 1.07454392826185 0.687851474154741 0.0110839914996177 0.183898476185277 157
0.0765498042142684 0.00453054434244306 0.00523074211314178 0.191261814328299 0.073132128495015 0.000655441542056754 0.0135885950965176 0.21586659647306 0.200646718149419 0.0278345772052281 0.0225301097218166 0.197447275549819 0 1 1 0 1.54691516468301 0.870410940377042 0.241996779805049 0.573902095435187 158
0.0795641443857241 0.00284714469964433 0.0497245701631501 0.122516302799317 0.0807368387228095 0.00497162469083654 0.070791757129387 0.124126522798433 0.123532793659826 0.00852125649097429 0.00838156644241524 0.121854843561835 0 1 1 0 1.50341752544045 0.364615353057161 0.0393503841478378 0.978834372479469 159
0.0081455179137354 0.0044105281335408 0.00685703122198933 0.080184263717595 0.0110611330921564 0.0048110745162896 0.00632932614000482 0.0798890467628033 0.0466940430802092 0.00670752040037537 0.00559257492336185 0.0165515928507641 1 0 1 0 1.50929900864139 0.981956452596933 0.24175894097425 0.13243901450187 160
0.0263462094666035 0.06625089399555 0.325539500854947 0.370186630452264 0.0385362776195421 0.0737955389659128 0.202148752484883 0.450569646143843 0.290977477003617 0.130229056722857 0.0764231182302963 0.225139259752482 1 1 1 1 1.0724984141998 0.895215108757839 0.0925290181767195 0.240422064904124 161
0.0241541330879776 0.000816023581931317 0.00299043989056654 0.101621679911786 0.0192932419809027 0.000843919190385912 0.00351028150577336 0.0843229078810586 0.0617971207365737 0.00508215926971878 0.00426700211013803 0.0823972044072618 0 1 1 0 1.48978677112609 0.734454407822341 0.196147711249068 0.474906536983326 162
0.0450907112219782 0.00329709438758717 0.000679638555434162 0.119846014958132 0.059276126220835 0.00428892451462492 0.00149011266179601 0.156536652256113 0.138028186994322 0.00796935943668797 0.00704731147152046 0.146363904382948 1 1 1 1 1.12406261730939 0.569637043168768 0.178870126837865 0.381576522486284 163
0.0805468117198436 0.00236597917408913 0.00302636482183283 0.24985684287157 0.0972321694356113 0.00151427672006385 0.00452106934623441 0.290075005276671 0.138854212558631 0.00600077483557304 0.00502082638329029 0.145837621430282 0 1 1 0 0.98847237508744 0.4490358941257 0.0686415566597134 0.353760935831815 164
0.00764067167205976 0.00309473636466939 0.013694993584359 0.0530978052369147 0.0179783092443705 0.00297843968470312 0.0129712498833948 0.103984470507697 0.0996853255821162 0.00959066726922009 0.00662725096131156 0.113111264707418 1 1 0 1 1.27828373992816 0.957511524669826 0.309466864448041 0.197700741700828 165
0.0318732330072845 0.00174373078591981 0.00596612456600448 0.12871616530328 0.00254392669805157 0.00110655468147436 0.00593635200329935 0.0161648515495517 0.195225594135205 0.0097553705791702 0.00874115766226524 0.201833242361568 1 1 1 1 1.52383935730904 0.979973334353417 0.392055964563042 0.419369439361617 166
0.0108761114382312 0.0158354118745663 0.015214463285643 0.100122442592494 0.00695566932255996 0.00991999593486289 0.0308380397459517 0.106573124829149 0.224547608947007 0.0502438662481288 0.04566786966388 0.242507492880371 1 1 1 1 1.55932332854718 0.909628820372745 0.346053831046447 0.578456909395754 167
0.0601395124550327 0.0749682631866944 0.282926237190431 0.229810081685705 0.052433563260707 0.100557075546541 0.402670775736576 0.1966178333323 0.220709884442637 0.102631064815661 0.0692591219712381 0.207190675957639 1 0 1 1 0.985249753575772 0.596414080820978 0.0866091959178448 0.444711872609332 168
0.121791755552011 0.000900962206246675 0.00229049418025475 0.246752583766745 0.0906428940171285 0.00114949150370559 0.0232513431522531 0.188259580894884 0.231343684035613 0.00927574769100792 0.00612060398000192 0.237965580378132 0 1 1 0 1.34134643431753 0.40654869005084 0.0352221366483718 0.689255224307999 169
0.00236689514856375 0.00244882542860862 0.00678501094702091 0.035542273524798 0.00777588632899195 0.0024441887367811 0.00773031089742269 0.0643786301363155 0.0465131123308162 0.00402515469613984 0.00329310730121025 0.0690821748250949 1 1 1 1 1.10192432953045 0.717693654587492 0.0351791169960052 0.215632509440184 170
0.0455273526134519 0.000138864047401911 0.00697958013328139 0.147191730863805 0.0403666268216073 0.00144554533707959 0.0117538316558815 0.134372446515549 0.138036399469993 0.0127106944661337 0.0145024216586429 0.148521128334763 0 1 1 0 1.7907443465665 0.775482065277174 0.264216295443475 0.63058475125581 171
0.0410727110774482 0.00303323025613723 0.00129802225413687 0.0820707714203096 0.0467774804941943 0.00475581812339584 0.00237686189446244 0.0949409528483305 0.13624207682382 0.0154028445925457 0.0137636398948617 0.132136823263263 0 1 1 0 1.95471557183191 0.657677088864148 0.223339004209265 0.889333772007376 172
0.0745654044603669 0.00226465586579019 0.00207938909174729 0.152943887669968 0.0719470584785815 0.0013622448169226 0.00154285321578815 0.144685156804373 0.196665399672868 0.0151913890316051 0.0156162830750089 0.199145837655066 0 1 1 0 1.65332983154804 0.763354301219806 0.200457122875378 0.792589518008754 173
0.0279088396487974 0.00255686473707038 0.00486627990035734 0.108787607316307 0.0194720106554167 0.00201588355241596 0.00543480987322146 0.0828784281409537 0.101570216336206 0.00629825237974901 0.00596372869166739 0.124000730065172 1 1 1 1 1.60199154913425 0.785008261213079 0.0421286020427942 0.565750573528931 174
0.0141868233697873 0.00239777212364733 0.00258426833030505 0.00835476503968424 0.00976675756887451 0.00255426081863568 0.00309363006093031 0.0104833868897298 0.0240422690276056 0.00401806402882426 0.00402252458787089 0.00464231675149783 1 1 1 1 0.842823148705065 0.4845108485315 0.14580877055414 0.076409196248278 175
0.00591942164028196 0.00574660082062166 0.00986513732032876 0.0018666395681683 0.0029352291231295 0.00679421821177728 0.0130915866702188 0.000571711898033803 0.121271656124491 0.0105681006989758 0.00990960228997761 0.143649241220145 1 1 1 1 1.8381939609535 0.78171121655032 0.225660758791491 0.627353398129344 176
0.0109747791689835 0.000447972105995169 0.00254181882312812 0.0126700090346595 0.00712869038037702 0.00067960973027881 0.0144714532863967 0.0105662939917087 0.0455898614286272 0.00396902031922264 0.0026849451714511 0.00407734287129441 1 1 1 1 1.33564538834617 0.695099112112075 0.0125865454319865 0.0668667070567608 177
0.156001892003857 0.000404037696414739 0.00593183878418678 0.381684338992898 0.146902493805573 0.000755668787156168 0.00554231488697147 0.360907105005639 0.109343115436308 0.00771715477984425 0.00726827695754687 0.13438247828237 0 1 1 0 1.90068123163655 0.712016752688214 0.139414644101635 0.855704821646214 178
0.0298006968825553 0.00194443208552584 0.000836587734137261 0.085113120367425 0.0189681032892938 0.00248798078692043 0.00121034621791557 0.0634129602412012 0.103962351728049 0.00612637195023369 0.00633531118270109 0.117895718953646 1 1 1 1 1.42736915498972 0.477078812429681 0.0982321701012552 0.545725685544312 179
3.64858234155669e-05 0.00308794191295337 0.014921774666299 0.0332574904707961 0.000931403842934794 0.00304486196914707 0.0149504735117872 0.0469926619706877 0.0105272058724228 0.00374339250525269 0.00367950420735408 0.0188186649050855 1 1 1 1 0.606932490132749 0.297955380054191 0.0416473317891359 0.113513928372413 180
0.0244069503818417 0.000320032501735944 0.0133187345527899 0.0913351809160204 0.0261384468456385 0.000281787135954539 0.013277916391587 0.0986037208430062 0.0616518161659569 0.00864296854790059 0.00743834690859396 0.07766775246118 0 1 1 0 1.98694147402421 0.906940113054588 0.09818378649652 0.708025241270661 181
0.00927466831185331 0.0100696154608895 0.00755934469413063 0.0100000308377632 0.00642885658063435 0.0100567256904399 0.00547166433392139 0.0118715814690197 0.0792162292587921 0.00581992140782428 0.00266955552002852 0.00808481338965712 1 0 1 1 1.359236179851 0.944579614093527 0.0414148566778749 0.0452963872812688 182
0.0105329460136201 0.00106550186035382 0.0141682368842864 0.0577399666628526 0.00928075491148025 0.00103888196014933 0.0145131793536529 0.0614468510008433 0.0178086199849092 0.00462611897043275 0.00289308437254511 0.0149569847692511 0 1 1 0 1.43707517627627 0.920840727863833 0.0357172368094325 0.145527405897155 183
0.0472668074887927 0.00174641246097779 6.16513478729343e-05 0.158459483844906 0.0576840036324578 0.00211832488309603 0.00906788961947017 0.185243434331208 0.0959798036436232 0.00701059172951024 0.0067555611976715 0.112077970421294 0 1 1 0 1.35790231218562 0.496043074177578 0.0450264550745487 0.461842213524505 184
0.34909851425251 0.106323465382519 0.233799382678825 13.5964373543343 0.366180886625561 0.165882341226333 0.374471423372939 15.8271011068499 0.274761542524571 0.142878589192693 0.100825056700678 0.266864834148861 0 0 1 0 1.12313216738403 0.501908174483106 0.129360229941085 0.0161895796190947 185
0.00467589617496667 0.000451503530704341 0.00446153219088589 0.0336407599053264 0.00466859913395024 0.000527987525728646 0.00418526315792221 0.0315547683094313 0.00994426057405295 0.00323547889730291 0.00257316537814364 0.0136337567496128 0 1 1 0 1.178340413142 0.494485738920048 0.0818103586789221 0.215526681626216 186
0.0347342770322504 2.36823593323128e-05 0.00186092859019396 0.0699445976471288 0.041021471210497 0.00058713459082554 0.00266571939885601 0.0821084570564029 0.14620835109623 0.0113011505530001 0.0119061859459931 0.151966101316428 1 1 1 1 1.92045643739402 0.8031748351641 0.189802821958438 0.925824423786253 187
0.000690151550707561 0.00233111750472812 0.000203490233395605 0.049740999436289 0.00134403985331058 0.00278171534404467 0.000438769083428464 0.0507607872050669 0.0153295773189461 0.00670981156978046 0.00653126715396274 0.0403399134571815 1 1 1 1 1.6402641357854 0.823904419085011 0.262003395706415 0.337931318208575 188
0.0248912012504244 0.000979973508316118 0.00143943576819964 0.153491617186718 0.0233455621155948 0.000826981750965836 0.00286764245629271 0.179375141759009 0.0315262968497214 0.00640551147133595 0.00599021397315425 0.023080836316358 0 1 1 0 1.52432573214173 0.956013550283387 0.281830614199862 0.122349533485249 189
0.145955210555128 0.00196174954844805 0.00232976684606764 0.30861282134431 0.140021513226722 0.00182841322965005 0.00294382093299762 0.300686426369263 0.211108537016414 0.0102399843648803 0.0103362698100112 0.223548909725159 0 1 1 0 1.93882315373048 0.759312282549217 0.322472184430808 0.948755883146077 190
0.0638859948781706 0.00252536197564261 0.00746233698232501 0.188017186761512 0.0653249717355448 0.00249222428474193 0.00834333705246454 0.194255246577989 0.154159691322562 0.0083560457651034 0.0083842855442097 0.163126279078549 0 1 1 0 1.63244640594348 0.756891311844811 0.133887659525499 0.602062438381836 191
0.0367861852317945 0.00663694415240064 0.0024477829685423 0.159158836174448 0.0503708436713268 0.00874763216775463 0.00633310762340841 0.202922885412865 0.197931926368488 0.0258813782026314 0.0245471803109529 0.203296402196458 1 1 1 1 1.53095308877528 0.755688140168786 0.286874482640997 0.512301544193178 192
0.001414490499323 0.00176735287613045 0.00281378486376124 0.0308826854102599 0.00138896813097697 0.00183630174467838 0.00228649297929091 0.0348302749321705 0.015121738481674 0.00451914797633807 0.00368584946256417 0.021437056836498 1 1 1 1 1.16000853152946 0.323013395769522 0.0831337904091924 0.282235614722595 193
0.0122783976822484 0.00155111558680545 0.00601343745895479 0.0641251541649636 0.00847808682639264 0.00146686676704528 0.00545977819685953 0.0520412291114944 0.084625082635172 0.00667296735314227 0.006642125290446 0.109529641205388 1 1 1 1 1.52956337342039 0.934540497371927 0.284737705951557 0.397952742408961 194
0.0428356516853917 0.021443539716402 0.0320010704968278 0.0944054476613758 0.0581342075301365 0.0045417139033472 0.016224635447073 0.21488680951408 0.093264282549318 0.0185170545092213 0.0161958360917991 0.110986553755167 1 0 1 1 0.664563896600157 0.515438844915479 0.226062421454117 0.0837466774974018 195
0.00383830835828758 0.00113899481763611 0.0026221807399138 0.0144304997491507 0.00265139914904887 0.00228431795646211 0.00236134310543931 0.00821761962051685 0.257271579015832 0.0111349286192349 0.010978100025326 0.265892829028492 1 1 1 1 1.60118129756302 0.656702967593446 0.101604444673285 0.709698690334335 196
0.0407381980169284 0.00410722197867853 0.00619171800832064 0.0664277168894732 0.0509549609806015 0.00474163796090154 0.00680942745828979 0.0833667132813397 0.139898731909272 0.0100919907054326 0.00907556038898001 0.142416538638888 1 1 1 1 1.46972951339558 0.40948500437662 0.116472315974534 0.924870951566845 197
0.0197599623660099 0.00283035741269368 0.00166076131882014 0.0903260403126356 0.0192211353701205 0.00280815422945886 0.00339623049998042 0.0921869120926461 0.0155392778103427 0.00583230632525467 0.00462650335151724 0.0164985504987515 0 1 1 0 1.39173212274909 0.756239363923669 0.179174945922568 0.181657673092559 198
0.00173040784101553 0.00144413240674144 0.00816965637007386 0.0171729772954143 0.0106558511140748 0.00124294981744696 0.00810847454083028 0.0443001178691809 0.0513414634293363 0.0064275955477413 0.00506705675928576 0.00655315801931745 1 1 1 1 0.973538557533175 0.641095100902021 0.206235908903182 0.033094123005867 199
0.00846357177145062 0.0121778150777515 0.014013088314296 0.0460872926664918 0.0130489672906333 0.00234365524525965 0.0327928926232858 0.0196154662065808 0.133799418155986 0.0282569230962136 0.0212929959675177 0.157246756127851 1 1 1 1 1.24790241103619 0.871999710332602 0.249796278541908 0.345499760471284 200
0.0480993710574583 0.000497539465516671 0.0145449891230688 0.081729963298058 0.0552627384152693 0.00169837498853146 0.0121603710419907 0.0978108475980188 0.118746065101495 0.010537470857515 0.00915300941243594 0.113037089296048 0 1 1 0 1.85097278701141 0.528937279013917 0.0520892816130072 0.989512429339811 201
0.0904742939536051 0.0037594938146029 0.0126676209598045 0.176593373294743 0.0823326163426362 0.00396417575259268 0.016191320893185 0.160975901677356 0.14678509745727 0.00514893438667896 0.00499542655876925 0.14449265544011 0 1 1 0 1.58239646442235 0.397302686003968 0.0591805526055396 0.776961137540638 202
0.00521635654026509 8.52003517247175e-05 0.00161972121706851 0.00510124033384802 0.00592455782612269 5.09107756038516e-05 0.00223292893448862 0.0226045837947691 0.012217541013452 0.00473647886025319 0.00430647390700717 0.0249321995217776 0 1 1 1 1.25538257369772 0.796941115288064 0.333101292140782 0.176965203369036 203
0.0020754869791596 0.0012714753581032 0.00880984886233231 0.00410389464739578 0.00292100222677496 0.00174033891099108 0.0139005774539628 0.00609919234175792 0.143662949275966 0.00754125820694534 0.00737204290534967 0.147093658082018 1 1 1 1 1.71938762860373 0.456801910419017 0.0830688297282904 0.85228689876385 204
0.0174740542971867 0.0020494672010771 0.00606423175550082 0.0615977169706369 0.0163115607111453 0.00179370513063808 0.013890113682379 0.053169484413618 0.126822808559161 0.00903170607312209 0.00983503113692671 0.14316455797195 1 1 1 1 1.81633643060923 0.909500961424783 0.122209927765653 0.6547176821623 205
0.0231775792827537 0.0044885142244729 0.0226496871994328 0.154832249071854 0.0116167175205506 0.0577644910629894 0.132944815573742 0.12943174026886 0.167868315730057 0.0441019467670656 0.0430715671839935 0.170079964176903 1 1 1 1 1.15281609119847 0.679867408471182 0.227055517258123 0.377415033057332 216
0.0337991143327935 0.0141060133233942 0.00278352531802297 0.0587515963880146 0.0270699512047322 0.0149650020295857 0.000759800801837512 0.0499463524291611 0.160586704545395 0.00441415410106347 0.00441215324344536 0.162801431020198 1 0 1 1 0.972116743214428 0.23517226986587 0.0623948751017451 0.653171964921057 217
0.00552340936530548 0.00188388890774499 0.0129173419248694 0.0609024172257983 0.00630410764090007 0.00170580618270718 0.0123840117905123 0.048696341308475 0.0153254976339705 0.005190064058334 0.00450035868493198 0.0314064496724833 0 1 0 1 1.38899537175894 0.938933167606592 0.230320752598345 0.179845158243552 218
0.00867623677951383 0.00180951333397483 0.00768096103461972 0.0160517411440325 0.00779415222640339 0.00207252845269281 0.00789167703570116 0.0184009547159831 0.0360127595509381 0.00424450436624157 0.00291871113808442 0.0113978342712671 1 1 1 1 1.4663161765784 0.878443313529715 0.140916312579066 0.132981326896697 219
0.0796613909628733 0.000420826756669788 0.00382540835618993 0.129641319578322 0.0786014201466753 1.88200108151165e-05 0.00576411453840272 0.130123955555888 0.155764617167588 0.00556288032159516 0.00473647337454668 0.140102432363787 0 1 1 0 1.35554568236694 0.248671068809927 0.0762626677751541 0.73496555024758 220
0.0164976098133549 0.00428554004444818 0.00733538971130382 0.371834949122136 0.0300771307328107 0.0041765594983499 0.00679487420117837 0.452188020410938 0.0521903210360035 0.00480015644400511 0.00484223802051142 0.07065866338799 0 0 1 0 1.1060280376114 0.774330290034413 0.270527693443 0.138484119437635 221
0.0375939931237339 0.0056286103459301 0.00235019992077453 0.0813010733065847 0.0464158775148829 0.00666109564762753 0.00119438485467284 0.0965473732173048 0.134785399777406 0.0191971158847311 0.0196911447236781 0.141307323471279 0 1 1 0 1.89588631968945 0.708557615056634 0.24153565755114 0.956799488980323 222
0.0233444713903078 0.00456374815186201 0.000444206686474448 0.0716031440900963 0.0224235877673451 0.00459187322290903 7.57137316733405e-05 0.0630849924982368 0.123368673005841 0.0101031345764828 0.0102118752494796 0.14024882025367 1 1 1 1 1.81976338336244 0.938762180740014 0.389708815608174 0.567386947339401 223
0.0239311375775116 0.00169017277268828 0.00152677640887417 0.0483150058729405 0.0194721606408486 0.00204850214061612 0.000212475419496941 0.0410468929274099 0.130945879781899 0.00465434960089461 0.00378224146552178 0.128421222797304 1 1 1 1 0.83203113777563 0.218607596121728 0.0799105186015368 0.452068159822375 224
0.00416093917511318 0.000190742044036446 0.000899064615424118 0.0104441593204177 0.00449704859458929 0.000320977530997357 0.000977897443859961 0.00845619203584306 0.00951396664222959 0.00373404346834183 0.00363849976457303 0.016065144814242 1 1 1 1 0.837685819715261 0.445561016211286 0.169446449261159 0.158804856706411 225
9.71710209429021e-05 0.000463187493128884 0.00142678819732132 0.157596903338002 0.000609364689000397 0.000852043244644562 0.00211830418248024 0.146114125533712 0.010852885928879 0.00511084204475942 0.00331242596761394 0.0222499994563109 1 1 1 0 1.00655668321997 0.762241031508893 0.066403582226485 0.10132193681784 226
0.113869424848271 0.067722556020567 0.102026201456294 0.956177732785493 0.152857649493505 0.0291327618145116 0.185627545686205 1.26140080319697 0.244704708936619 0.160399868326577 0.106032227630878 0.167528270256928 1 1 1 1 0.908536927308887 0.717416331870481 0.205439436249435 0.0808513481169939 227
0.0203700222581831 0.00294595851108393 0.00298306988679076 0.0310873176703069 0.0175529099093805 0.00411347282328133 0.00479693156941575 0.0320000442760608 0.114386932120141 0.00536640090239582 0.00449090035184942 0.105751233808668 1 1 1 1 1.44828481273726 0.252548420568928 0.0846782319713384 0.707542415009812 228
0.00344749135018607 0.00246195037412314 0.00404663699429983 0.00707518944630504 0.00023569222416456 0.00242830684531757 0.00416495431355505 0.000948756074138589 0.0459329777538109 0.00480469467047206 0.00426156648866391 0.0608254111064437 1 1 1 1 1.33494819235057 0.584868450183421 0.162979480344802 0.411473485641181 229
0.0900897225273992 0.00270746695293654 0.00283864203819722 0.263510549451889 0.0799857064848463 0.0035132192486642 0.00433741441807142 0.232831659140615 0.105113763146189 0.00921892623602638 0.00898296620013145 0.133706729056623 0 1 1 0 1.8392418762669 0.801497071515769 0.217258434044197 0.73130578850396 230
0.0265091791013654 0.000580115037012198 0.000646888085573406 0.126585119491988 0.0292678831125992 0.000400265000887397 0.000317219506940813 0.136758189438448 0.0824130273530188 0.00706106950278762 0.00709534089637173 0.105612910317586 0 1 1 0 1.72145139519125 0.823352826060727 0.240905507700518 0.4935855534859 231
0.00480155493504502 0.00652983786577478 0.00608524500993708 0.111487246190314 0.00496626268569883 0.000187749086924906 0.00911987559739305 0.0905256561972562 0.219131569087393 0.0350499772602096 0.0387813641296666 0.205353971856312 1 1 1 1 1.45034931367263 0.608633858384565 0.263107093283907 0.711544458055869 232
0.00424035917957997 0.00208016117197792 0.00552946176600987 0.0228636059556715 0.00330066989507597 0.00201362106456286 0.00619492179701164 0.0222726588793628 0.0174686971014197 0.00280317538534047 0.00240663854085886 0.0153220248408515 1 1 1 1 1.33685864880681 0.614469251828268 0.113146059215069 0.214217677945271 233
0.0105372583922241 0.00242873317107311 0.0112719670621316 0.00834955606628561 0.0195790398929651 0.00285650477374419 0.0104352988883668 0.0166594044687911 0.0606304836261009 0.00801790863255114 0.00753669116949032 0.0131986935242403 1 1 1 1 1.00324484985322 0.632390009472147 0.240826082648709 0.0664451990742236 234
0.00227826467109117 0.0021197870773045 0.00646155994509061 0.0375126149531588 0.00283467096163478 0.00188667411003622 0.00674479448992442 0.024013919569788 0.0172286378981541 0.00611533914386519 0.00515718140972858 0.0391554860889907 1 1 1 1 1.57469424372539 0.918568234657869 0.0744686301331967 0.342334853718057 235
0.000461285769837178 0.00242655756498072 0.00980368048124553 0.0230786726181198 0.00511899956154546 0.00259142691884266 0.00727654352914645 0.000802972186153975 0.0528377017830151 0.00865511028648913 0.00752849829287795 0.0869123141738195 1 1 1 1 1.78813740937039 0.91307457559742 0.101012578234076 0.487633841345087 251
0.0188420888187816 0.000949545286508257 0.00314503741139376 0.0880866348636037 0.0188797903503782 0.000788817211728796 0.00298431137138558 0.088422473152993 0.074921931025882 0.00826924339947688 0.00798211425082579 0.0930897432283787 1 1 1 0 1.92218704707921 0.935765326721594 0.281254440546036 0.573805344756693 252
0.0131709700154493 0.00307152574967482 0.00555245683963641 0.0833111334297705 0.014655893163564 0.00301517227132092 0.00925623049482314 0.0803024283264365 0.0248765259789034 0.00426028604110379 0.00480392669425014 0.0149718834655328 0 1 1 0 1.2400305615738 0.409042612183839 0.151793584693223 0.216700365999714 253
0.00603386692881689 0.00296386967603832 0.0030517900580725 0.0135227107287281 0.00612846596774572 0.00291403719503706 0.00364733682335807 0.0080090149876097 0.013877983785229 0.00474943396931893 0.00430165937120455 0.0281198902316736 0 0 1 1 1.63544499548152 0.902533745625988 0.199883616063744 0.24738468718715 254
0.0144451177239632 0.00158585743690291 0.00790159817032721 0.0837666939153322 0.022266649045287 0.00147382852020158 0.00956457568802135 0.117514509348259 0.0770820317277463 0.0109111309387341 0.0101366073813507 0.105871505410327 1 1 1 1 1.61720623308793 0.955123517196625 0.0827891586814076 0.368115686113015 255
0.232216317639121 0.204295959630791 0.315020761586213 0.128492943402474 0.223701679217797 0.181726825638088 0.556096060809135 0.101492880450537 0.200370307420751 0.0286586962075577 0.0346816389762333 0.201888265825014 0 0 0 1 0.521806317381561 0.144237740896642 0.0417226436547935 0.395344225689769 256
0.016667009730839 7.56477906858941e-05 0.00901446084858922 0.18453745703898 0.0329798214694005 1.01195645398582e-05 0.00836367000566557 0.381332007773896 0.0280011687058975 0.00565906077292022 0.00435394507454945 0.0577284858816518 0 1 1 1 0.711853267624974 0.507010634988546 0.182860912987962 0.0638208058662713 257
0.0416463543987552 0.0021814082277411 0.00912912365605104 0.0243768601079007 0.0270627716899607 0.00221196010997822 0.00940038515805006 0.0281332162177055 0.0990451803312815 0.00469449614948192 0.00385719320992353 0.00295965313740333 1 1 1 1 1.19542298233137 0.573836805298924 0.116344299167395 0.0366433025337756 258
0.0268618553673637 0.000184156821154115 0.00497133512616215 0.0825902124770426 0.0361194793343905 1.41954256598342e-05 0.00606761946400865 0.10279727659974 0.147706850848561 0.00897001438979572 0.00856628830302136 0.160728498201555 1 1 1 1 1.6240174616687 0.764604459283873 0.288131225388497 0.577654595021158 259
0.0509232139656995 0.00392574435279117 0.00277541061396895 0.140069861686168 0.0445216008461371 0.00363821168417729 0.00353316047621818 0.126540158834566 0.134924212828493 0.00677944849014644 0.00778630227408489 0.15498466663481 0 1 1 0 1.74992245435715 0.876158735016361 0.303989207837731 0.66394605813548 260
0.000712254536608573 0.000888401583420941 0.000189798832844799 0.0043890934543277 0.0011830190294537 0.00101741356128335 0.00492520263759921 0.0096296648804559 0.0297471662304825 0.00704615549635113 0.005760512544203 0.00780453174187952 1 1 1 1 1.12026097625494 0.536073958966881 0.100445128977299 0.12252656230703 271
0.0813315509580941 0.00857359540114899 0.0112824686028042 0.161418699728174 0.0820660107175955 0.00750885863435141 0.0105374391609928 0.165948019802791 0.187319451828563 0.0389180254855643 0.0303295789586033 0.206060065818036 0 1 1 0 1.84327095746994 0.913819298846647 0.138221374480054 0.878319996874779 272
0.0063886809084015 0.00340614300998074 0.0037235016268161 0.00704547128500179 0.00738655522159517 0.00330459921209554 0.00394727925294146 0.00803094072119485 0.0705266057745226 0.00494054379790609 0.00408368018878891 0.00927632032163375 1 0 1 1 1.52809293754399 0.950500389561057 0.399249396519735 0.0965228015556931 273
0.0139192156761155 0.00277601215717829 0.00130664124205532 0.122059532848904 0.0119020961124612 0.00377905017930782 8.62759728713628e-05 0.127968408010783 0.0207297084391849 0.00597485130666442 0.00788804015686323 0.0303094766092628 0 0 1 0 1.500050005503 0.997921239351854 0.151887108106166 0.182090602582321 274
0.0180677403177718 0.00191543173180377 0.00263787884304938 0.0835026767093833 0.0266796107195369 0.00191559127173085 0.00156293110361965 0.105668422325314 0.11228111999818 0.00723738534435725 0.00736185402388048 0.130984912510101 1 1 1 1 1.70208816137165 0.719789093127474 0.151584261795506 0.54795736214146 275
0.00427563756469503 0.0032945173303229 0.00439862414882315 0.0247997665144242 0.00269923103733222 0.0032164661699003 0.00467636178736536 0.0540791014621493 0.018836351828952 0.00486885888673028 0.00375964464234541 0.0174757845439968 1 0 1 1 1.13958943914622 0.778432087274268 0.214409601408988 0.108317112317309 281
0.0223630729687411 0.000740654960202434 0.00594276289034468 0.0782557727286239 0.0312827709498422 0.0015767009541262 0.0123821012505373 0.104240735063758 0.181372113886385 0.0193888288089813 0.0183239702254462 0.193392340075982 1 1 1 1 1.58546875836328 0.766697247512639 0.0901324290316552 0.544701796490699 282
0.110871406689484 0.024425046642443 0.0141949036296004 0.354428083825552 0.100652896563435 0.0244363876690492 0.0142367882390524 0.318387850759551 0.164362523352121 0.0113523852276821 0.00995812207719182 0.166150707292982 0 0 0 0 1.46402684506029 0.906877311412245 0.383161519886926 0.452099466929212 283
0.0105153486355209 0.00368742474163893 0.0167625576691065 0.0873699014071272 0.0232474068713891 0.00457041396025174 0.0165152027713884 0.138961035595595 0.106856179007632 0.00970495288951934 0.00783345987647194 0.111189086229618 1 1 1 1 0.722954983823001 0.483353991061449 0.22358331666328 0.142515388317406 284
0.0202755760913514 0.0497962353793399 0.0542229965707766 0.117162691079252 0.0118099845587189 0.0574165363090209 0.0818180572196668 0.201261086591102 0.171427309009954 0.0421379938965677 0.029189431405159 0.172466196182118 1 0 1 1 0.931502673309296 0.387704362859949 0.0741710066795349 0.313856648746878 285
0.00042393169880558 0.0013856434549549 0.0112500396786498 0.0143530411067375 0.000123462481367715 0.00120372735484128 0.0189642585234568 0.0130378737330659 0.0170933549188437 0.00329793738662795 0.00290009740774522 0.00486367786009573 1 1 1 1 1.41005909396335 0.244683145079762 0.0340878223069012 0.168682067422196 291
0.547040050099442 0.224467720659334 0.41370761295731 15.7477200993473 0.498951932862863 0.292509116045021 0.498418862918479 15.2720702837715 0.480397797032367 0.149568903678361 0.105423730459579 0.454276883346773 0 1 1 0 1.57352373283356 0.280302762752399 0.102956929709762 0.0256734718568623 292
0.0351638723430302 0.0130562338537562 0.0205501607061276 0.104811874164636 0.0248372648963955 0.0076537152148693 0.0331394182683816 0.0806638841795373 0.163026394473719 0.0389507331284005 0.031966780309634 0.155452670471646 1 1 1 1 1.58305845782161 0.7338429200463 0.200736505445093 0.791931932559237 293
0.0148364284244255 0.00375083840891056 0.00837253805034767 0.0395306435903058 0.0328509386136698 0.00463538908560593 0.00796291343021895 0.131347471662777 0.0632811107990381 0.0120186786095245 0.0126203423367821 0.101637509560133 1 1 1 1 1.38606266444549 0.802799242548645 0.0877237906679511 0.320161047624424 294
0.0136752892082292 0.0183288603706679 1.01772471608797 0.479545377898178 0.0218979462748245 0.096766661171186 2.02671507726157 0.956999642089185 0.103337231195966 0.201779975704414 0.0594875233439829 0.39123338696424 1 1 1 1 0.920055143535137 0.606300436891615 0.0130039346404374 0.13817943376489 295
0.0194811534492397 0.00394364595529964 0.00241537725726037 0.0486583293428859 0.0158875225336528 0.00404158878897759 3.40794312935417e-06 0.0437496669637835 0.164895361019161 0.00960562841268997 0.00843279126184715 0.175092194233186 1 1 1 1 1.79070469737053 0.89083138667047 0.162868660409003 0.670584966195747 296
0.122998186354407 0.0182390134989425 1.03147560951884 2.75817169205419 0.230490367819488 0.00159339966068206 1.99178702152358 3.00257790626783 0.417931306739663 0.112905307310089 0.14364767454148 0.132201145492937 0 1 1 0 0.964187714736909 0.769710404565558 0.0440899557434022 0.0390170158352703 297
0.00322644420338281 0.00332249051873204 0.0143700835836854 0.247822473379309 0.0185064195807718 0.00334161629072431 0.018114620758683 0.0953229881420395 0.0374834245940855 0.00680040130187493 0.00659539329315585 0.0675455185564007 1 1 1 1 0.503987782634795 0.297510974574834 0.109791579656303 0.0641074627637863 298
0.00890319370187578 0.000198883392993223 0.00401834527669576 0.0987071060383268 0.0171763319322088 0.000360402583322534 0.00571759462963973 0.138444728411394 0.0613501669751566 0.0105831917336929 0.0111561441846834 0.102009491187194 1 1 1 1 1.71992877870798 0.962288394104689 0.323554534465075 0.362579485634342 299
0.00408345844328527 0.000965929831772724 0.00196711044328033 0.0222005540038107 0.00399429674584096 0.00134553358853938 0.00264127670282681 0.0218255219457027 0.00957419017992467 0.00236258134114148 0.00232818324216677 0.0190144776655332 1 1 1 1 1.11324390536174 0.352434324100614 0.130861902842298 0.289780315943062 300
