"V1" "V2" "V3" "V4" "V5" "V6" "V7" "V8" "V9" "V10" "V11" "V12" "V13" "V14" "V15" "V16" "V17" "V18" "V19" "V20" "V21"
0.0424950952284391 0.000613747468556875 0.0018417760165223 0.0777286209133112 0.0310951574236856 0.000770538541923227 0.00156286590050196 0.0637079595865205 0.135082050985499 0.00125640295462676 0.00107560566103829 0.130061763051115 1 1 1 1 1.14665266964585 0.309101206250489 0.132272714981809 0.566016362980008 1
0.00657577965777038 7.24230676267147e-05 0.0169402429890656 0.0143045884721285 0.00906433656879941 1.4413911497515e-05 0.0153868617987885 0.0144684683635786 0.0134820397070337 0.00164196343534101 0.00152173865584286 0.00462398103719014 0 1 1 0 1.0039397617802 0.326628328999504 0.0247715967707336 0.162711632670835 2
0.0232263104415341 0.00819046106872847 0.00793167938529425 0.0371999787269897 0.0302699923228047 0.00194563572631497 0.0114354621630494 0.225389659583853 0.256591491218005 0.03984181725495 0.0391624414275943 0.00706068199954903 1 1 1 1 1.54005571315065 0.942784613231197 0.36185066960752 0.0127429524436593 3
0.00855232837121178 0.00203660440063421 0.00134289781245273 0.00152109886663489 0.0125866653013007 0.00198309225878075 0.0121233960222046 0.0792383148938907 0.0125846955199339 0.00439601402724205 0.00338180658818179 0.028486231801279 0 1 1 1 0.701285149902105 0.456748500000685 0.0254929212387651 0.0783239570446312 4
0.0298843986599358 0.00188443503697178 0.00135796129408367 0.0490625995439726 0.033042875684137 0.0019481184293621 0.00637020111950761 0.056757525426242 0.125976346781754 0.00194579440925552 0.00175054882690567 0.114348786310228 1 1 1 1 1.33121683495119 0.304883275413886 0.0177239710465074 0.692625114694238 5
0.0472308526146673 0.000151513225095088 0.000530587471603166 0.0929190793269472 0.0491834878090631 0.000101959336200321 0.000784513725457868 0.0987461213778879 0.19780505269704 0.00210231008689599 0.00149863863173733 0.197925575500095 1 1 1 1 1.79029444232583 0.684289930388331 0.149843604303896 0.869767326395959 6
0.0782605659127669 0.00196369157403663 0.169246069800567 0.0103124942325534 0.0667495077890905 0.00132135599817704 0.28917999241404 0.0116289503754792 0.225095695101434 0.041862766638582 0.0430000847654657 0.250412429729582 1 1 0 1 1.14349149307236 0.536283893976361 0.0915618345607072 0.524219667539001 7
0.0683360451691368 0.000544518166936956 0.000914945776556616 0.163871847769136 0.0549673658353109 0.000488709536179408 0.00168907073739797 0.135390805513691 0.132654338491364 0.0026164077255808 0.00233153300519878 0.15060451377883 0 1 1 0 1.56050599738955 0.637203397462144 0.233300005318597 0.668867945903912 8
0.00327919257826027 0.00141144875683769 7.22858667116331e-05 0.0451172412708133 0.0140563593569042 0.00130710587014259 0.00139348579976467 0.00909633172310428 0.0353177150230806 0.00189570244066428 0.00166915964195045 0.0599383141143115 1 1 1 1 1.07441852940246 0.26117097097449 0.0339893251657486 0.349979129619896 9
0.038691230152945 0.000389986807466655 0.000318058436536217 0.110253161773507 0.0534483507771663 0.000641921231667935 0.002484220824899 0.134727395034645 0.124292834205346 0.0013889390976774 0.00122289526116258 0.131721526295425 1 1 1 1 1.06817620107904 0.28374484134838 0.0390948338899761 0.405133123509586 10
0.000621134785415786 0.0197102728971122 0.272066962556834 0.986710144758029 0.0997353045623243 0.0124878815069669 0.441724647616478 1.39316450596177 0.166656962024852 0.102078969460645 0.0750523411240099 0.078740307615379 1 1 1 1 0.513322463724762 0.415628093760461 0.0779313575476408 0.0305227264761925 11
0.0162735782661011 0.000209802106483816 0.00138487838084326 0.0500867069581925 0.0316311157650543 0.000180677586330652 0.00108049995466332 0.0844707370218033 0.103674306035571 0.00104216652108352 0.00105519186765397 0.110103528343855 1 1 1 1 1.25396963302046 0.259086672216654 0.0873338542878628 0.453100867336616 12
0.000145217572084347 0.000644213171432328 0.00663859714405602 0.0125970524038695 0.000598409680648236 0.000745385794521347 0.0046550951948681 0.00603450429128147 0.0103522154230278 0.00187603664616154 0.00147361318889612 0.0336764656728428 1 1 1 1 1.28867208724841 0.56205772398971 0.0713672018609941 0.313750441418961 13
0.11383584160117 0.00138137358485736 0.0042919472733937 0.238159963099597 0.116553611832956 0.00177039824590553 0.00344761785064568 0.245820590951557 0.223670911875312 0.00294609455400474 0.00230916750826904 0.229435301551434 0 1 1 0 1.99554483033717 0.776968540856615 0.201026257826015 0.966969619970769 14
0.0218387266472944 0.00171243757732007 0.000673260046070455 0.052239384491374 0.0273842615865844 0.00153655350799545 2.75021106806243e-05 0.0614379065871459 0.166789475971596 0.00205183142580923 0.00155049707170785 0.172506510755463 1 1 1 1 1.45113623607904 0.517861147643998 0.144224777352065 0.605628827819601 15
0.00908868040969725 0.00334117760957958 0.00884826806141363 0.065704091249628 0.0122087526774895 0.00976320640265831 0.0233072854063734 0.0249154593113176 0.253958549395102 0.0231854471132522 0.020615967649781 0.161172716261528 1 1 1 1 1.77554774377495 0.910309325205162 0.332796147791669 0.74725797213614 16
0.0678325911205721 0.000652049546032945 0.00156585112885416 0.138274081014128 0.0740138540726845 0.000691486521598022 0.00125442616197739 0.152502388665464 0.151739168268535 0.00292536784107067 0.00215239743691478 0.152431839353004 0 1 1 0 1.99290022393689 0.811510586645454 0.0934409152250737 0.969843920785934 17
0.0135818649991982 0.00012134581938812 3.05629984866383e-05 0.0394477513905225 0.0369773629558155 0.000242543234769579 0.00155136305397487 0.121201112657358 0.115205942176141 0.0037723222643713 0.00331516003311738 0.141916360893027 1 1 1 1 1.12181222438812 0.652303830254823 0.215611922554672 0.297541262814775 18
0.0144377569365999 0.00398527301234844 0.00444268337849936 0.0299745937738921 0.00229530996318206 0.00366585054190899 0.00497377807142287 0.00405369683870192 0.143928350004613 0.00320216211565105 0.0024023488250966 0.166475068938387 1 0 0 1 1.39790877746418 0.711442576022819 0.272970167221501 0.492779911495745 19
0.00462148430302568 0.00271558055564593 0.000246115101770462 0.265018076505845 0.00756810941008979 0.00300049039828517 0.00088632128480789 0.278323356623891 0.0304152593805815 0.00694136435928916 0.00615832394290949 0.0678919158220029 1 1 1 0 1.49513221206143 0.969297251896933 0.276013411115855 0.208839517552406 20
0.034198131829784 0.00227557372441579 0.00516771375469466 0.185381295543612 0.0339223522906724 0.00237849143371958 0.00450160103298362 0.184910518050852 0.0395640698723594 0.00191577778301688 0.00128789590572359 0.0653487692744843 0 0 1 0 1.05361191835254 0.57580360583961 0.0995876919478178 0.290397075936198 21
0.00435091369921924 0.00136708364529987 0.00700445657788039 0.0312396790396973 0.00505863001207246 0.00151201107227232 0.00662088996685067 0.0333624086267294 0.00767519354030455 0.00151223831315811 0.00122794798219429 0.010779449954433 0 1 1 0 0.954917162191123 0.356173918116838 0.0360350233968347 0.189678232418373 22
0.105610182459965 0.00348521436189849 0.0048902773646344 0.25111263725367 0.107043808621518 0.00340691338322556 0.00487662672016406 0.25412514180625 0.20548725601609 0.00330636925825967 0.0023711085362389 0.210837285549956 0 0 0 0 1.90559195447713 0.899211432784796 0.296899850713089 0.858766416320577 23
0.0209449680908376 0.000762526284136693 0.000601710259294331 0.0363991934414294 0.0114714805921567 0.00237860289765764 0.000530122524187265 0.0262935913694035 0.191805368736558 0.00461303647257466 0.00357020304371256 0.190870634240497 1 1 1 1 1.44636415783316 0.339705681428313 0.107949075521901 0.65327877108939 24
0.00884696193842018 0.000110446191062578 0.00137060367519503 0.0187101993469588 0.0245774101744166 0.00027562436148442 0.000864666374453422 0.0527605937888981 0.144788649016847 0.00302047571894903 0.00256519093107475 0.14761383173893 1 1 1 1 1.32452690880746 0.388966808328405 0.108819713583216 0.56022155075334 25
0.115949568523113 0.00274186729778776 0.00172912342156808 0.290252448831412 0.102798129485678 0.00270234851051589 0.00337412999379487 0.2668273915033 0.125680453063954 0.00251125236101524 0.00209598726746482 0.144953049030097 0 0 1 0 1.62347775837407 0.581902888603508 0.0563015448860824 0.706641011638567 26
0.0404886016914709 4.65997542588454e-05 0.00370975098813262 0.40770193744624 0.0589171271093153 0.000544037028758216 0.000769527346034393 0.492195719788816 0.1179608369106 0.00628621019167697 0.00678709644937486 0.158841106306937 0 1 1 0 1.53594088042155 0.81922329030931 0.305421998491511 0.338864039396867 27
0.0157223362549272 0.00129650265635089 0.00173422721478176 0.0525641011592187 0.0213810080425519 0.00184421230270729 0.00334020245859192 0.238183033129026 0.0417047741792753 0.0102170506876937 0.00783295657467104 0.0575412189297816 0 1 1 1 1.15449209976941 0.887741309823468 0.262252214364707 0.0839636714663357 28
0.0618130950855837 0.0392096714131125 0.0330464304330148 0.00945870052476494 0.0661078134888657 0.0471290945471912 0.0211784442849577 0.00930647857521595 0.196604313317479 0.0252395643872251 0.0227656884589797 0.219975698718161 1 0 1 1 1.33023223374039 0.746596497716382 0.208682954544201 0.583391360472888 29
0.075889725874376 0.000796964907377316 0.00105680217571877 0.408162773481443 0.0969573219026601 0.000690950309516485 0.000705540841423383 0.485768197808859 0.17801666589095 0.00417728545996532 0.00287802092913772 0.191041309648893 0 1 1 0 1.33386314334348 0.872996591031551 0.203180402750149 0.30182553594932 30
0.0380955391099444 0.00144640502705056 0.00488990851716105 0.217374038971311 0.0691872144100963 0.000969113866326812 0.0105948861501809 0.302121430379175 0.0894862648970381 0.0029550738146259 0.00512387194995796 0.106736459643795 1 1 1 1 0.688756848219782 0.274017054587603 0.0872250210959464 0.193582792533562 31
0.0125989873739163 0.00322104923066121 0.00163356866270205 0.0513804572930906 0.0116467728908194 0.00326820741519575 0.00129635129157528 0.0475790196070877 0.0148452936427634 0.00181129353668752 0.00140785505982824 0.0228052012255752 0 0 1 0 1.29387468472123 0.575448069022968 0.175699963932857 0.262439309619367 32
0.00584646362839789 0.000185815312490426 0.0119845848016258 0.0232335325043857 0.00875976534152003 0.000839075583725016 0.0614297415759863 0.0306231798352688 0.109946283892358 0.00694370453378645 0.00589390554650333 0.131714747671353 1 1 1 1 1.75933794490993 0.813062491128221 0.0136818464379758 0.553855386795476 33
0.0511355315840648 0.00146078896091781 0.00265372259661679 0.181942137362929 0.0647087438763239 0.0017349665945234 0.000916144083004365 0.213522886406398 0.129879938807016 0.00354971427580053 0.00326984295249513 0.141716853744559 0 1 1 0 1.16705680824816 0.476208231644705 0.181993168545887 0.41035085869953 34
0.0183597683084162 0.00246747540537405 0.0015333649133153 0.061418527776539 0.0147395084358972 0.00234687024165995 0.00686306248435974 0.0552138113391588 0.0256234330156901 0.00321483592883021 0.00269825045876439 0.0159066358773223 0 1 1 0 1.17711958056316 0.644914431497455 0.0495403523091227 0.143317127134651 35
0.042083208008767 0.00467999477159428 0.00196456245565129 0.102842904461603 0.0372325539960398 0.00822285322681704 0.00715794006318869 0.0872142149870618 0.178036366094129 0.0133907276539657 0.0113070817144988 0.183136367072124 1 1 1 1 1.68119246279821 0.769982621539384 0.222718141041696 0.688786606071517 36
0.00671339809292518 0.000320320862123276 0.000504713069976515 0.000630432083245135 0.00529396575701981 0.000175262683603985 0.000914084779732243 0.00449596772767527 0.227669767047918 0.00258247531578759 0.00225815255566963 0.227678393669149 1 1 1 1 1.64126262674108 0.619784055510536 0.251746017718688 0.749476840021089 37
0.0101266069123195 0.00171833970430028 0.0340905830390182 0.105341868118745 0.0157687216042598 0.00208866942715578 0.0704117707661202 0.136793307649581 0.0231642701177208 0.00340704036956674 0.00304264367384957 0.0448133251830438 0 1 1 0 0.992088751867414 0.57340398314409 0.0101286671124399 0.198892145883292 38
0.0390858762577831 0.00141408408678811 0.00233037284533643 0.0838968463320805 0.0459593324604959 0.000154115662168918 0.00520061588257367 0.100186562149549 0.204103266272941 0.00274653367993016 0.00258106089855734 0.207025972456802 1 1 1 1 1.76681672409177 0.479268473107368 0.193412908585742 0.854545774869621 39
0.0272511336024738 0.00202992667849636 0.000576367475617591 0.0479248650584262 0.0203435026834974 0.0019464330277223 0.000373219898070529 0.0390617884833663 0.13732618949009 0.00160078671718261 0.00123029433716035 0.123838348856401 1 1 1 1 1.54564368957654 0.386336194816977 0.126319787232205 0.807476628338918 40
0.0298276506136154 0.00254786643615076 0.0135874399026649 0.0895672494083029 0.0212469330319985 0.00234656502575797 0.0149327363308163 0.070747623607497 0.128078207140633 0.00259901429398213 0.00161123586629204 0.141769257230627 1 0 1 1 1.59618093259633 0.745609080651775 0.0292485177051276 0.627908543683589 41
0.00429472811932503 0.000824175359383527 0.00289220070302708 0.0553359778757142 0.00229181052581197 0.00109395283885149 0.00251930913552659 0.0363146914253756 0.0318327384090809 0.00331418644556192 0.00283091874102695 0.0888123610802189 1 1 1 1 1.80037733260542 0.866887699812651 0.227296380093321 0.50001604296267 42
0.00424467438323666 0.00505744062087487 0.001212591365538 0.0775822282552592 0.0174436355006431 0.00476519723969733 0.00184839941258138 0.115011076567503 0.113093710431078 0.00383182066139331 0.00273133849134108 0.128286831605574 1 0 1 1 0.917455810587853 0.568465084536001 0.130019178846851 0.214686037972569 43
0.0120304005639495 0.00358873714102448 0.00253028628974717 0.044667474666779 0.0100221918889736 0.00378209676125967 0.00319562671109574 0.0439556121393096 0.0661474942496971 0.00265715924254206 0.00226632946929972 0.105170015574949 1 0 1 1 1.42569329869002 0.609800279606134 0.20088469539769 0.445968879153952 44
0.0434038039397871 0.00115835338192258 0.000908248822959907 0.072795072032854 0.0570518897554202 0.00120776342998621 0.000921571631358823 0.0980457985919237 0.173720567708438 0.00103671825113083 0.000953432716965408 0.163755414759749 0 1 1 0 1.65019747801125 0.363643967080861 0.119411256629974 0.937808546470478 45
0.00854519311423352 0.00129247720923679 0.00471549048643322 0.0133754948206399 0.00640523511802677 0.00151848526333626 0.00775064508341388 0.000799251796037389 0.180192843470017 0.0028111333825438 0.0021998066461502 0.186121572897287 1 1 1 1 1.78900625696406 0.717816187534481 0.0812688719015568 0.786931170150638 46
0.0514478835885604 0.0025607313705272 0.00931769120244681 0.0833364893140571 0.0548957665907628 0.00123120164985002 0.0333685548389585 0.0968332381769089 0.257794533181257 0.00342962307383238 0.00312350646335244 0.225566744447001 1 1 1 1 1.42885018093511 0.269676957046613 0.0272253048606217 0.729943894781172 47
0.00981223184460117 3.38220203860825e-05 0.00816418135860379 0.0662116984425937 0.00845474756626038 8.46940183134449e-05 0.00764897981145997 0.0678247433533553 0.0361582270264114 0.00391694243746632 0.00268795556318573 0.0718674149253212 1 1 1 0 1.96896930364892 0.975077951094136 0.0839453472290188 0.565432354342192 48
0.0873924340909853 0.417232624712898 1.8812836463874 1.40843780596245 0.193553945023198 0.478908283393639 2.38030735823054 5.193149084613 0.668098565192185 0.211292095783763 0.107386624168402 0.205286035139017 1 0 0 0 1.51161306584254 0.290656073018909 0.0330888901371509 0.0330038003157824 49
0.167682489844464 0.00187763853797571 0.000451207559114265 0.377234972838409 0.155598922785914 0.00195393619478166 8.88598694965851e-05 0.36177338933028 0.165069489999975 0.00215114498829372 0.00136820503048256 0.192261390782836 0 0 1 0 1.70857795840129 0.686871864832938 0.0787511875387281 0.805885064415634 50
0.0918183095124613 0.0167360816753268 0.0219282171084571 0.132788712487977 0.0959426038870845 0.0188732642389501 0.0197751221304655 0.154323971412117 0.247879638907949 0.0463692717472927 0.0387463783426755 0.213468504305456 0 1 1 0 1.75077651347965 0.786248719086871 0.175236573442817 0.887656368780881 51
0.076854729037385 0.000316229115134597 0.000121044315587622 0.16590545515407 0.0593265037218542 0.000242427696362188 0.000196455827575716 0.134592299654507 0.200469689342306 0.00268614804324296 0.00210629009625654 0.206558196808709 1 1 1 1 1.4147145729512 0.573537597432733 0.20333709823899 0.659218210494146 52
0.00427777682056404 0.00126671125034834 0.00185686500153061 0.0558525785752866 0.00018536849763223 0.00131341253139795 0.000887919272966177 0.0321571414449203 0.0149349687938327 0.001567694188846 0.00141624877786385 0.0383296469697078 1 1 1 1 1.08593318285421 0.375244610244408 0.0723631745204329 0.329942008014768 53
0.00088429512279553 0.00278089501126299 0.000507166160047485 0.00267370545355498 0.00552569772472115 0.00448347617041094 0.000516276440616339 0.0108928061004494 0.179485067338663 0.0083089265575399 0.00708968485037348 0.195636221539668 1 1 1 1 1.74631665181369 0.868610889883712 0.36691697104834 0.628229703987017 54
0.00265062099143257 0.000242337650739989 0.00728337964680835 0.00614710959629851 0.00096210826446256 9.23181037006837e-05 0.00886559569384763 0.001391806807292 0.0325678131254077 0.00393198921996829 0.00250079406074674 0.0182802375554856 1 1 1 1 1.39903084049001 0.873160670045763 0.142407559324056 0.148372888099402 55
0.0405023778920344 0.00403348945308736 0.00376399335366832 0.0530447357660003 0.0396669863980605 0.00446700682655923 0.00419306299517062 0.0561521194798583 0.205448099379773 0.00299412301420882 0.00238416880355494 0.202852865893415 1 1 1 1 1.17869538674131 0.318340430734679 0.144795483443886 0.747729661874473 61
0.0100542854212047 0.00108342322873638 0.000540078345080352 0.0404285502259457 0.00699491323891133 0.000936022214293885 6.16042790437045e-05 0.05053344557798 0.0439495278836768 0.0042696150824062 0.00290992430193518 0.0464135277442463 1 1 1 1 1.64083431707695 0.948316963855177 0.198992298683152 0.20256760623306 62
0.0126730732518449 0.000182151310289528 0.00153500701262288 0.0211854105745706 0.0112120031678361 0.000141622582817649 0.000614160789162063 0.017319994200491 0.168594077984108 0.00095670854361285 0.000934396564812548 0.153144460260973 1 1 1 1 1.47708100220188 0.304484145017341 0.117663246812299 0.675865403143689 63
0.023828921356201 0.000862276661898615 0.00614577643884433 0.104082457374522 0.0442285171389851 0.000697997425232463 0.00615960727983489 0.148832398771428 0.127539014602121 0.00179852707883177 0.00150691551765292 0.156806769776643 1 1 0 1 1.43330241367221 0.469880353892222 0.180123190395534 0.490995169617236 64
0.259627061154821 0.00146414774100282 0.00224383253935208 0.389446225893444 0.253250876169607 0.00131328874958711 0.00116089734389475 0.385904023526113 0.171492907638886 0.00109759306411533 0.00112930157677108 0.171714058370813 0 1 1 0 1.16290254564956 0.183706197654828 0.0405289616901428 0.704619693337008 65
0.00878232616599687 0.0010271722391165 0.00378139837910668 0.0229556589215688 0.0108811972121555 0.000693525896777032 0.00329441572902113 0.020272611178012 0.0304283035076143 0.00150008333363988 0.00122296200593242 0.0132615069534402 1 1 1 1 1.27151663508266 0.338516823248938 0.14444093266502 0.247696628328413 76
0.00497939678181389 0.00213192024470273 4.52024544143222e-05 0.1108690849369 0.00475575120411234 0.00152648773695241 0.000537945325802858 0.12228759087036 0.00969520621462783 0.00315232507729268 0.00238411742523836 0.0335663130616821 0 1 1 0 1.07897741766647 0.68392857327126 0.267426738515496 0.201299786102027 77
0.0100899207711052 0.00128483242381529 0.00468828399762149 0.0691298178339928 0.00731980686314884 0.00288754762914734 0.00294569336430202 0.0543661840953151 0.251956530141316 0.0273343276408079 0.025076159450995 0.245240981152161 1 1 1 1 1.60210255673155 0.830231344792992 0.367578281089664 0.664878014242277 78
0.000773841975707735 0.0010879566645255 0.00486038611199377 0.00981776780102256 0.0160577016200635 0.000936965199813061 0.000759141015341828 0.0791795043940879 0.0567115306840231 0.00459016273726631 0.0029021001646783 0.092391084368196 1 1 1 1 1.4811228341423 0.933115994557738 0.0391989876516163 0.317262266762555 79
0.00563493627517636 0.00389136446367586 0.00251098108206425 0.0288790618546176 0.00923523581148627 0.00319529446683026 0.00242051904335796 0.00938951510386384 0.0240141629645299 0.00664046688405751 0.00571888249906893 0.0497706644134013 1 1 1 1 1.1059691645205 0.764175681630149 0.323051849845797 0.158664148533717 80
0.00188531717583305 0.00175339106552054 0.0321567449496812 0.00923426639471739 0.000436636538315336 0.00465726055047986 0.0621255614944603 0.00267913689164788 0.0344259894381334 0.0128866502177947 0.0123844167736334 0.02756347786072 1 1 1 1 1.27792575443164 0.966991814319044 0.0654663851018995 0.101655689999461 81
0.00475321938851514 0.00195553482525512 0.000946389743465701 0.00309094300817802 0.00398481073694188 0.0019408335220302 0.000481097286654989 0.00820685494420657 0.154159561572118 0.003977161069323 0.00233724685816508 0.17596925656409 1 1 1 1 1.77187600219622 0.980679680593312 0.134610302280635 0.602341853315011 82
0.0195862067321501 0.0022412377381516 0.00898641531333776 0.0837812293757314 0.0530072206638691 0.00354737328260849 0.0177619287867003 0.172991570840896 0.135498584831964 0.00201550085409111 0.00195512241233783 0.159368006543104 1 1 1 1 1.19855506764725 0.246586051536724 0.0100741644855589 0.383762477431446 83
0.0468440073420354 0.000445603865977507 0.00129007279252823 0.0974966490887676 0.0429794397253666 0.000254580752462045 0.00338468658311557 0.0973677389248875 0.117740085591687 0.00130888373946919 0.00110408788059855 0.11881471409727 1 1 1 1 1.09902399824932 0.273382934974506 0.0293370082508773 0.509707205928862 84
0.0306925436912332 0.15040165280251 0.0582002728378301 0.148367657944125 0.0365329345335244 0.186683345564375 0.135004958966838 0.358962767812515 0.23635405436031 0.187767343823942 0.126150147778516 0.100427825662206 1 1 1 1 0.681999451015145 0.524251558119431 0.239508895669132 0.0809701525140554 85
0.00245195444184579 0.000233608711938997 0.0242846352291443 0.015389274074559 0.00383925163612201 0.00028579982252565 0.034985404924759 0.0161680775562048 0.0188272120317476 0.00187802273569682 0.00176868889512259 0.00415974618172549 1 1 1 0 1.42299400363117 0.259661698713899 0.0134647584054619 0.1624670852907 86
0.114481107484085 0.0274445875072404 0.0923928165726245 0.144629835723742 0.146384329559739 0.0648830002867108 0.0079838502995195 0.269602791196527 0.267518154732166 0.107796228862059 0.149069771004189 0.163742183094008 0 1 1 1 1.19886562693864 0.96049494901672 0.210728319361806 0.182071308372542 87
0.114629015407075 0.00210347383604843 0.00229174181864844 0.187251036455548 0.121959642960527 0.00224120265373579 0.00139496618343735 0.21002753650601 0.239952554919159 0.00236770642207551 0.00188889520813598 0.238295564777953 0 1 1 0 1.56535166269168 0.524979378096759 0.118019520770758 0.90673198364675 88
0.0631909216897908 0.0555855128531565 0.407524682854628 0.020314724356562 0.0533241780851338 0.0942267840017693 0.524342701301129 0.0587383563571966 0.245961747891822 0.102830766805059 0.106788613045464 0.239296085883776 1 1 0 1 0.88625013269484 0.446366888703778 0.148047736380249 0.432289927499369 89
0.0246061244960111 0.00125983654261535 9.72937191352116e-05 0.0765352226851347 0.0194752065610543 0.00107917975892112 0.00013199616105922 0.0715609371336878 0.137956814543323 0.002623773024376 0.00225768722433145 0.161517374991744 1 1 1 1 1.86671740468591 0.753209598362446 0.167453079251572 0.704245692817494 90
0.00158090777946605 0.00240934515580656 0.00112353880381554 0.0111790111493459 0.000944473382069367 0.0028887722240416 0.00614393747419761 0.0104081829222277 0.056910776349014 0.009073801268209 0.00818965959000437 0.0250155641219207 1 1 1 1 1.65605641435832 0.964752489235252 0.225094461813569 0.180579631822184 91
0.0305591218103294 0.129865742158912 0.254357998390649 0.189762230394059 0.0412027907084488 0.113321634629333 0.247387545513399 0.670431440592115 0.131994613693616 0.0685118174939208 0.0599575451886324 0.0365380751240715 1 1 1 1 1.59303466742858 0.269808508688584 0.10133135644719 0.0929480462800711 92
0.0751529118767181 0.00101061455248383 0.0173799413005959 0.108157747188095 0.0922147046045119 0.0169144491699421 0.00611390967051895 0.131822921061078 0.196020896832642 0.00844638886315413 0.00646053638833352 0.199145949115267 0 1 1 0 1.28797213267535 0.3027829087805 0.0263984987977892 0.900887617375702 93
0.0270219613376137 0.000753789623268023 0.000280916071177295 0.0544137410422249 0.0201156948045554 0.00099479618375153 0.000193817633098864 0.0497442003070871 0.146134442884499 0.0012274573787785 0.000968516716221668 0.152918136682141 1 1 1 1 1.56368562486023 0.402162624290213 0.120756253134459 0.675922867609188 94
0.104465458706384 0.00228137653324175 0.00288847381889594 0.173976522991886 0.101672925822598 0.00220804093624542 0.0108955845939499 0.171183002637019 0.188902251164601 0.00161744233522476 0.00121419481679311 0.178832824367474 0 1 1 0 1.28920260863379 0.365261931205168 0.0161844259127975 0.740825419314206 95
0.107340541065416 0.00164828715637215 0.00230123784763874 0.212639617821056 0.124384606934136 0.00160383298524614 0.0020623148818251 0.240863389565082 0.209312710309706 0.00125907548912696 0.000998220311341932 0.203866729413024 0 1 1 0 1.02984096249565 0.378520963713527 0.0850180946290493 0.509817961137742 96
0.101623784978596 0.0194448771020608 0.0432218349071903 0.163451407402725 0.0999664258358351 0.0266217532907648 0.0682492096775148 0.166201251620576 0.214212074635004 0.0241306246009165 0.015633467557639 0.202838469753708 0 1 1 0 1.80826173443347 0.45680502965115 0.0636956105008721 0.890211947029456 97
0.0240641838898637 0.00136990587221132 0.00693371412260202 0.11676138748357 0.0689854872219723 0.000999676808446786 0.00573716462057198 0.265407060975215 0.143116619409311 0.00313341701447434 0.00244309152445669 0.19022671533224 1 1 1 1 1.46824479103088 0.648094429867342 0.120551144005731 0.435484500369057 98
0.0709088934710592 0.00351226244992367 0.00173700348719802 0.66752761783418 0.0820243003442661 0.005219274158685 0.00586020478390487 0.766521370746537 0.170578844281695 0.0124468349507066 0.00384035856360093 0.210377746861809 0 1 1 0 1.47360026603565 0.987892950186506 0.103742103092372 0.241834082407877 99
0.0265270395038721 0.00153448880326985 0.033320305105598 0.19002133641597 0.0162661026816133 0.00424782046612178 0.0444249287825415 0.131165746789574 0.0932030177811065 0.0228161141986264 0.018721720464826 0.0984248274174302 1 1 1 1 1.15167446900159 0.823573026806116 0.0906598328147084 0.205427017761394 100
0.147186187872958 0.00338712868514088 0.00698097084277345 0.334783603040231 0.135381354943218 0.00279346915738138 0.00956226904605897 0.303180639565688 0.220105492809112 0.00755639092232241 0.00536963612451927 0.221467170425557 0 1 1 0 1.52716022077948 0.737695465795696 0.163626953260973 0.696092047262937 101
0.00195780304143339 0.0021292152171568 0.000190864940722163 0.00918993179484789 0.011504796953671 0.00183759476732525 0.000150490003135939 0.0405046216216342 0.0800527206896295 0.00438087490941474 0.0034880119441234 0.126772768710077 1 1 1 1 1.63577365968376 0.986487993504852 0.383424478117377 0.388243217486888 102
0.00842716623170012 0.000691603372841633 0.00206274911345243 0.0546988663507231 0.00100056448030471 0.000882581415394866 0.00176996077191269 0.0277025090035942 0.0523208662123893 0.00411230872337098 0.00337604710670825 0.0808827600422167 1 1 1 1 1.46793189179152 0.842703562229872 0.161054811673239 0.388288215966895 103
0.0449536950541668 0.0027491172250976 0.00616656597143706 0.116827859438387 0.0483806625059573 0.00268012602336062 0.0061896069862017 0.126532596593192 0.208253197379692 0.00312615971626851 0.00239075758733825 0.223733753358752 1 0 0 1 1.83091538213193 0.862672008341178 0.3240014645271 0.786945214029402 104
0.0856876436350262 0.00382475053311562 0.0201662206470301 0.19240340026591 0.0749708205395793 0.00226927138134138 0.041487206661002 0.165796235013786 0.199042891459184 0.0201917518277431 0.0157998260401903 0.186839597463894 0 1 1 0 1.39914635382593 0.708692834945396 0.0941834254190326 0.600150750251487 105
0.00549538896542238 0.00160356324315847 0.0025184927126259 0.0161699485328242 0.0186400705357144 0.00124724769508811 0.00222569283002175 0.0484204681214599 0.143147057091157 0.00449518183649011 0.00406783201536831 0.166237504515462 1 1 1 1 1.57524196291342 0.817474620649591 0.25572235416621 0.518341111019254 136
0.0339461786613201 0.00772249758915958 0.000380127651766755 0.196130407347484 0.0585123414578736 0.00681426773996005 0.0317349001739048 0.187495555407845 0.16376969816262 0.0141121485961623 0.0120659732759151 0.157806211272563 1 1 1 1 0.939082272816449 0.512905430281535 0.102034887066111 0.336192601360381 137
0.0523905832064805 0.000766845385340343 8.48588785057831e-05 0.116641923110122 0.0382516125764617 0.00155787767064083 0.0005772140225105 0.103078045353331 0.17573112956542 0.00249244803597004 0.00225268234702056 0.191775451697428 1 1 1 1 1.74703015293926 0.655755027430132 0.244433786021546 0.735368025489151 138
0.00109331941927815 0.00110936971131139 0.00238521415074662 0.0281614404679851 0.0040180225501874 0.00108525538409017 0.0021674968346921 0.0506788005397574 0.0356507993490116 0.00642516739590793 0.00530059837069682 0.0205111287267422 1 1 1 1 1.55536133330315 0.923002098221332 0.217502195155248 0.16478222515434 139
0.0143198142456771 0.000562032658908985 0.00213341259945705 0.0185294553583585 0.0115018278200265 0.00639308082614185 0.000381183866184067 0.014152231486965 0.0716077705365741 0.0176007340297559 0.014874334067982 0.0160944394391213 1 1 1 1 1.53820656752214 0.965009984793141 0.374760367209092 0.106090806890279 140
0.000609650727513627 0.00190926183712138 0.0188642294464631 0.0114281941099749 0.000237425476481279 0.00215479944146448 0.0186567391891051 0.0247540229957524 0.0484268274339879 0.00668218662311892 0.00581621333672083 0.0064954283713594 1 1 0 1 1.42434225184843 0.802161605563015 0.235966319683939 0.0890944460406899 141
0.00297888761896685 0.000718771817900964 8.89951169003772e-05 0.0422285493373893 0.00461048761369589 0.000747539789121052 0.000749809527606001 0.0431631301782046 0.010196157200672 0.00109670799521974 0.00104208766247586 0.00928141814821531 1 1 1 0 0.840781179256737 0.232541934354231 0.0478695291094482 0.209006621036679 142
0.00941186460351079 0.000234370421967815 0.00921104354045444 0.0184896220896167 0.0126638888145116 0.000111599864830942 0.00942208245003715 0.0213800282161182 0.02535794950464 0.00180899696411913 0.00137796424808925 0.00287939794712461 0 1 0 0 0.986797175835818 0.429446791298687 0.126605201978236 0.0880732778459787 143
0.00437130059951978 0.00285114362649588 0.000257569309499012 0.000376339442517722 0.0016929907868161 0.00270481545093023 0.00407407849539617 0.000463363826566466 0.0442656839556226 0.00412429815607718 0.00289110860964847 0.0152356819297861 1 0 1 1 1.39671241957694 0.801504180300981 0.154004799202085 0.132380713243037 144
0.0123725183023884 0.00205884686120795 0.0047955253448058 0.0346514987488119 0.0128365750486165 0.0028653695805958 0.00527427742144182 0.0324418730645316 0.0238401504564105 0.003449058135778 0.00250786026415376 0.0123839601910924 0 1 1 1 1.26962660672143 0.704531797673553 0.138853709679097 0.145007730461657 145
0.0308292314641073 0.0022040483142827 0.00125504824065166 0.244297325557519 0.046249452916348 0.00826289114672626 0.00160219523803363 0.328564275079179 0.0989057994083007 0.0126277889435691 0.0112350599029405 0.106947036948414 1 1 1 0 1.064552038908 0.577023763908073 0.22346173110418 0.245023691095412 146
0.00215708103719956 0.000303167924842953 0.00580516995908886 0.015149094299935 0.0028361995253454 0.000113609913088965 0.00946934845297715 0.0196693796456377 0.0114007846494015 0.00239164927530761 0.00202522517379123 0.00549272235689355 1 1 1 1 0.750818411353976 0.406815295806155 0.0401492703240365 0.098647567210719 147
0.0788560672888518 0.00252883558671662 0.00488993666899956 0.342693267114129 0.0726610897200838 0.00465551204403378 0.0273708552196354 0.315155456285331 0.108123843239627 0.0185520811679902 0.0229566055411734 0.10436856800613 0 1 1 0 1.3584800651297 0.980644116410986 0.385580960428342 0.292845429154113 148
0.0124129192351415 0.00264449348140641 0.00206863753550618 0.0135980391855599 0.0171725212424775 0.00200747658520128 0.000639350173871399 0.012193078718091 0.0383720620997807 0.00367327125342792 0.00311326072470174 0.00178501617885957 1 1 1 1 1.36884180223569 0.330096299760044 0.101329211844131 0.0603596139699221 149
0.0843177873802397 0.000980058733395781 0.00621707171445408 0.205298100873496 0.0790152266591153 0.000993090389863984 0.0105390398075571 0.203712982065633 0.136371312504512 0.00268166558968508 0.00239574551769481 0.168456056206651 0 1 1 0 1.86440014280379 0.651545585133135 0.0615028149913996 0.818934508832172 150
0.00397468259636075 0.000564237724870346 0.003617157384144 0.0190865038188787 0.0267899747786663 0.000468982565907465 0.0044547654141402 0.0783017521782139 0.106840436874913 0.00256176188263291 0.00226365601418961 0.135730800326333 1 1 1 1 1.38163592340425 0.527611131314188 0.117403786629438 0.448260172270238 151
0.0512467362092958 0.704329114022079 3.32283231659159 2.52789181892894 0.151914343425635 0.815163382331873 4.05151150287351 7.04177210714248 0.384405875174852 0.158580405505919 0.0968101237035004 0.209971695398833 1 0 0 0 1.05775678157806 0.177588424412534 0.0177894132211804 0.0282952601555735 152
0.208280175830316 0.00138455553379036 0.0798328719928162 0.207371664960685 0.203656013616209 0.00695290763492045 0.10238908992082 0.204687366397225 0.21475894756246 0.0201903983537352 0.0174712184907401 0.222436414905564 0 1 1 0 1.09359874390066 0.159678103169426 0.0296433439943939 0.889958090148866 153
0.0603910341123837 0.000440288721381961 0.00123880555641252 0.121735862551174 0.0666464732926762 0.000361701422448736 0.00156094013635809 0.147904008250124 0.256774091538776 0.00213004344928125 0.00173943748281388 0.263876069892012 1 1 1 1 1.77112595224753 0.694236997747794 0.23965665185824 0.834020861890167 154
0.00594056214107716 0.00165878973379933 0.00337490383000976 0.0210085526159841 0.00456029034151146 0.00149756563553961 0.00411340233284747 0.0194359539295235 0.017667785133326 0.00218471694084588 0.00171876803976788 0.00657416158469443 1 1 1 1 1.06605137744918 0.522748469607905 0.107421365566552 0.127208366524428 155
0.309088330777105 0.202224524484153 1.36088137512965 4.23926255123385 0.298273834731558 0.274223986365602 1.80612966552276 12.6757038323186 0.599043854191535 0.169301402260388 0.121290483497976 0.203128480315981 0 0 0 0 1.10832266695797 0.331950969062746 0.0503867527004331 0.0111957301851362 156
0.000978298779275603 0.00162266340020899 0.00143348228195352 0.0473817734709898 0.000380046602753358 0.00139607683651177 0.010257064930845 0.0385142928653733 0.0118706215981061 0.00396331881814271 0.00281735090325673 0.0291481108578156 1 1 1 1 1.07454392826185 0.687851474154741 0.0110839914996177 0.183898476185277 157
0.0708312064267384 0.00616626743978596 0.00449425352286616 0.218493546779908 0.0666798594217553 0.00769960939297603 0.00724474645510715 0.215024873430094 0.235849273668086 0.00972887768958064 0.00907527918917003 0.246278687092464 1 0 1 0 1.54691516468301 0.870410940377042 0.241996779805049 0.573902095435187 158
0.0699795250385778 0.0017541472288566 0.000680261668988765 0.102763845128581 0.0728650794494472 0.00193495587431162 0.00139202598985491 0.106993179445392 0.11787986911004 0.00162391637983422 0.00136214890366685 0.115390599179563 0 1 1 0 1.50341752544045 0.364615353057161 0.0393503841478378 0.978834372479469 159
0.00478839371796564 0.00444141611793767 0.00769577814980205 0.0714030320303558 0.00470454998702385 0.00670903796911905 0.00325217906725071 0.0494348279784078 0.0501044828002135 0.0102959028049522 0.0108244369439162 0.0167230570059778 1 1 1 0 1.50929900864139 0.981956452596933 0.24175894097425 0.13243901450187 160
0.0230675185617562 0.0537532085466081 0.298725409985309 0.435762747981072 0.0512993968456553 0.0567441698128739 0.120340317399734 0.554061996572388 0.301950123261094 0.142309061592655 0.084695763258147 0.210560168443541 1 1 1 0 1.0724984141998 0.895215108757839 0.0925290181767195 0.240422064904124 161
0.0231915777987585 0.000147635118933635 0.00345648073271529 0.100557262409662 0.00426650138498003 0.00010760466369882 0.00332738046371805 0.03600838388275 0.0829462638055882 0.00298493009823508 0.00210374232525351 0.114939187028938 1 1 1 1 1.48978677112609 0.734454407822341 0.196147711249068 0.474906536983326 162
0.0412198599924909 0.00179159894249231 0.00260053008744959 0.115995589572517 0.0651303365472221 0.00185067217492273 0.0026705445698802 0.175748926086013 0.171137538368698 0.00218953273827827 0.00176524052376992 0.187209435639985 1 1 1 1 1.12406261730939 0.569637043168768 0.178870126837865 0.381576522486284 163
0.0701560239757214 0.00299595723822998 0.00683357455142726 0.212186591504152 0.102007947911846 0.00278271425893522 0.00703769079952829 0.300876007686324 0.156950323795301 0.00189824071034472 0.0018080028191356 0.17022392435784 0 0 1 0 0.98847237508744 0.4490358941257 0.0686415566597134 0.353760935831815 164
0.0003383501398681 0.00286611880386073 0.0125750148780503 0.0133979667171745 0.00862473926184905 0.00537209003632985 0.0137013799546375 0.0395163843117662 0.125955210859786 0.00825813310678292 0.00572773010875116 0.128602151685427 1 1 0 1 1.27828373992816 0.957511524669826 0.309466864448041 0.197700741700828 165
0.0519094668976889 0.0016909132585959 0.00992870572112399 0.133958731729913 0.03761637994588 0.0044963485157 0.00994751334259186 0.110678442883826 0.166259559964689 0.0144360324218911 0.0093417859554818 0.175347687120402 1 1 1 1 1.52383935730904 0.979973334353417 0.392055964563042 0.419369439361617 166
0.00340294104110289 0.0107439443081677 0.0249272119798978 0.0919598340211427 0.00439508241413458 0.00167552259423838 0.0493613692386946 0.117312419825294 0.20612036194923 0.0599201158657016 0.0552397549439314 0.223530937320335 1 1 1 1 1.55932332854718 0.909628820372745 0.346053831046447 0.578456909395754 167
0.0341342401757009 0.0635655095037083 0.211969192673668 0.194273725055172 0.0576791328832226 0.0822946310423594 0.278125219873986 0.111623827580966 0.209067446848291 0.137450326413855 0.0759686793061143 0.21892930309745 1 1 1 1 0.985249753575772 0.596414080820978 0.0866091959178448 0.444711872609332 168
0.144182423691366 0.0017624077148456 0.0129994152196149 0.28589541431318 0.118873350992044 0.00292190126312915 0.0350558604438006 0.248483452521778 0.211902155933275 0.00302278754665852 0.00307888358975827 0.214308314598132 0 1 1 0 1.34134643431753 0.40654869005084 0.0352221366483718 0.689255224307999 169
0.00180491985092848 0.00220548245122346 0.012344736518733 0.00089189511383672 0.000494793202179529 0.00313654464831016 0.0207897961119016 0.00211848342150525 0.0590408507641 0.00381434939674974 0.00203292308166455 0.0931338554943711 1 1 1 1 1.10192432953045 0.717693654587492 0.0351791169960052 0.215632509440184 170
0.0423266986343249 0.00105493392258245 0.00382115055459519 0.144588765648049 0.0347617384663338 0.00104371656076765 0.00435344132054398 0.10875939147749 0.139058355372145 0.00292006050087912 0.00255872798600998 0.160898209002597 1 1 1 1 1.7907443465665 0.775482065277174 0.264216295443475 0.63058475125581 171
0.0548131367504536 0.000609899323853033 0.00271818052258689 0.119729106538405 0.0628203978777229 0.000751750147316684 0.0032174984815044 0.14388717116339 0.157379531788597 0.00211637756458505 0.00160700060966365 0.163528980061938 0 1 1 0 1.95471557183191 0.657677088864148 0.223339004209265 0.889333772007376 172
0.0802637777848235 0.00258908084565694 0.0136009809159531 0.148493369640425 0.0825954499372935 0.0165144566725195 0.0348986240412342 0.157890017132611 0.254147344201185 0.0236667456895262 0.0206346029022855 0.268803694045282 0 1 1 1 1.65332983154804 0.763354301219806 0.200457122875378 0.792589518008754 173
0.0224777327080702 0.00224539126260503 0.0140950697133708 0.0957774171281232 0.0155040185251524 0.00249718345431745 0.0162539751425972 0.0749803367034143 0.127211695773334 0.00310039558293429 0.00227480733065532 0.153438372477256 1 0 1 1 1.60199154913425 0.785008261213079 0.0421286020427942 0.565750573528931 174
0.0100306030361987 0.00561510136101317 0.0130045346694495 0.0975401141437209 0.0115485745668066 0.00465505201932717 0.0203443846283234 0.821901731365549 0.0788144927694436 0.0175766055051425 0.016254916543562 0.0346430122265295 1 1 1 1 0.842823148705065 0.4845108485315 0.14580877055414 0.076409196248278 175
0.0123575066780878 0.0035601849324058 0.00461260874573261 0.0461070833727374 0.0150033640359893 0.00350737091135935 0.00386854294930401 0.0595779104028682 0.141921382773381 0.00262145912088307 0.00180731957712577 0.181339825112463 1 0 0 1 1.8381939609535 0.78171121655032 0.225660758791491 0.627353398129344 176
0.0100869977111939 0.000705633386895035 0.00904805371508872 0.00829102470838467 0.00989568512070073 0.0010290525465274 0.00286045554601244 0.0131945471251027 0.0553469535344973 0.00388932358822847 0.00218427353389235 0.00527440905669496 1 1 1 1 1.33564538834617 0.695099112112075 0.0125865454319865 0.0668667070567608 177
0.154966133134816 0.00150246338601784 0.0013223179387379 0.386541219047077 0.144417164715013 0.0015965932938765 0.00181187985343449 0.362002453079614 0.125876272504087 0.00258153747629675 0.0020758919003393 0.151997076942163 0 1 1 0 1.90068123163655 0.712016752688214 0.139414644101635 0.855704821646214 178
0.0287928308702762 0.00133027537404722 0.000462542659490001 0.0826562018642175 0.0166705162201439 0.00148474935603192 0.00449400732966833 0.0598498938306202 0.104878769957003 0.00300716768407783 0.00279998145500973 0.121652829003328 1 1 1 1 1.42736915498972 0.477078812429681 0.0982321701012552 0.545725685544312 179
0.00135767220384708 0.00247282835882462 0.00878674085315444 0.0526841280962139 0.00726158918362243 0.00270315151287855 0.0103982305499311 0.103845157588244 0.0129193892651696 0.00342254812742065 0.00346317555525918 0.0242113785772116 1 1 1 1 0.606932490132749 0.297955380054191 0.0416473317891359 0.113513928372413 180
0.0281606073655269 0.00135382261935606 0.00781005385476038 0.109632899916196 0.0300277818964048 0.00140227416802127 0.00888155373459089 0.124960720905402 0.0653839024425971 0.00272436869381343 0.00186298865531823 0.0924520256921536 0 1 1 0 1.98694147402421 0.906940113054588 0.09818378649652 0.708025241270661 181
0.0147520984594158 0.0105216266411229 0.0128494718850583 0.00643709052208531 0.0109107595173786 0.010924000316327 0.0226104662073832 0.0002603103073439 0.0638373309289715 0.00700050511788608 0.00384677062940583 0.00713359523748852 1 0 1 1 1.359236179851 0.944579614093527 0.0414148566778749 0.0452963872812688 182
0.0109045933628443 0.000877703359065769 0.0114311259383611 0.0610348073801772 0.00783131880969642 0.000962826287985502 0.0147009527042304 0.0616646842901147 0.0207534497890207 0.00400523129809438 0.00225475032175518 0.018282776527739 0 1 1 1 1.43707517627627 0.920840727863833 0.0357172368094325 0.145527405897155 183
0.0580508815486075 0.00159166133046133 0.0012075260957459 0.197084237885109 0.0824188392256869 0.00220157555438594 0.00227736880433161 0.256249726689888 0.164981341870741 0.00289245835114482 0.0021246707164874 0.172497306751927 0 1 1 0 1.35790231218562 0.496043074177578 0.0450264550745487 0.461842213524505 184
0.242398419503723 0.215351633858531 0.169079320227685 7.93268052900781 0.189614185128865 0.271451008281873 0.263948810923904 12.1471451444517 0.514724996118056 0.217349753599645 0.117454485731499 0.2973946120672 1 0 1 0 1.12313216738403 0.501908174483106 0.129360229941085 0.0161895796190947 185
0.00439490799708267 0.000289207571529616 0.00176041169560721 0.0363722587494574 0.0048134729024954 0.000203184306574437 0.000827705618834445 0.0341172018186825 0.00902254004952052 0.00132207316348903 0.00105652916372892 0.0170153408710015 0 1 1 1 1.178340413142 0.494485738920048 0.0818103586789221 0.215526681626216 186
0.0406674095788538 0.000499321572252474 0.000354520611885634 0.0795390878950184 0.0496235978776755 0.000648108443190759 0.000806224641802465 0.100778116363615 0.15955347520551 0.00279177045318335 0.00215061028932687 0.161315130289144 0 1 1 0 1.92045643739402 0.8031748351641 0.189802821958438 0.925824423786253 187
0.000244019091580292 0.00225702035137757 0.000133681105680829 0.0448302664483611 3.21748816572128e-05 0.00225550188479428 0.000203260960267769 0.0398687223744165 0.00920229061972977 0.00254185471575419 0.00190548434570048 0.0511160668017577 1 0 1 1 1.6402641357854 0.823904419085011 0.262003395706415 0.337931318208575 188
0.0268286331736364 0.00198075955848873 0.00323969364745292 0.146381360663685 0.0230732249531669 0.00272815421456642 0.00503345080321003 0.197785674022986 0.0379347719796801 0.0128626008222128 0.0129442368187922 0.0264778074033122 0 1 1 0 1.52432573214173 0.956013550283387 0.281830614199862 0.122349533485249 189
0.15372532327186 0.00165024696394287 0.00174483042665571 0.326736158826799 0.149833478914257 0.00203037052338365 0.00234527654617293 0.323046093175093 0.220884627739615 0.00328336339257251 0.00293086281032706 0.228931460630839 0 1 1 0 1.93882315373048 0.759312282549217 0.322472184430808 0.948755883146077 190
0.0694651453152746 0.0023866289992455 0.00582722312498028 0.207404404340052 0.0729952643182586 0.00227267752960085 0.00673269425918066 0.215174721468384 0.156261279159672 0.00257777151832228 0.00201569415228064 0.163652848996385 0 0 1 0 1.63244640594348 0.756891311844811 0.133887659525499 0.602062438381836 191
0.0335739407734118 0.00232771037021423 0.00109840549300681 0.120227269826572 0.0269334676344777 0.00634576025674841 0.00523409813526637 0.114439164371153 0.207769552348103 0.013475721619696 0.0121246147864114 0.218175940538037 1 1 1 1 1.53095308877528 0.755688140168786 0.286874482640997 0.512301544193178 192
0.00491726267128102 0.00202940571129415 0.00297241896827018 0.0383852243774036 0.0171294081946908 0.00439547173839106 0.00210399866805719 0.0969044845005234 0.0185745390485812 0.00504997234621046 0.00451820000427569 0.0381227470642956 1 1 1 1 1.16000853152946 0.323013395769522 0.0831337904091924 0.282235614722595 193
0.0123521561728264 0.00151545213617523 0.00705160626862206 0.0619161471652752 0.00961212229244356 0.000923746111997526 0.00599492328200651 0.0592493677138726 0.117308688563037 0.00580081127202892 0.00493388637243769 0.154112520170351 1 1 1 1 1.52956337342039 0.934540497371927 0.284737705951557 0.397952742408961 194
0.0147085084510156 0.00449730837496792 0.190115901531151 0.0934971105010103 0.0253629721879886 0.0328372321022766 0.227225454495386 0.251896639439883 0.146681126240714 0.0879165006621694 0.10747299731376 0.0954844354441362 1 1 0 1 0.664563896600157 0.515438844915479 0.226062421454117 0.0837466774974018 195
0.0171306662746977 0.000448899048396943 0.00259059647136618 0.0402525455120954 0.00989364963979211 0.000734836670760983 0.00271849323226747 0.0341539086255324 0.240688107636758 0.00333329460788101 0.00354907975137918 0.252930431466634 1 1 1 1 1.60118129756302 0.656702967593446 0.101604444673285 0.709698690334335 196
0.0584135729108382 0.00191770939340902 0.00438316214156207 0.0962671788068558 0.0716340504116224 0.00178430236352375 0.0058162485998974 0.11815819421207 0.173366447558893 0.00221287358228617 0.00183569501938718 0.171006705655081 1 1 1 0 1.46972951339558 0.40948500437662 0.116472315974534 0.924870951566845 197
0.02020329180897 0.00261733918806521 1.62303582071801e-05 0.0960344069038479 0.0199514785056783 0.0026469484795579 0.00109250083125764 0.0981273891511843 0.0143233699791425 0.0044787216288279 0.00356337314263966 0.017522104728711 0 1 1 0 1.39173212274909 0.756239363923669 0.179174945922568 0.181657673092559 198
0.0102116864748569 0.0015568837839175 0.00238254335078242 0.00574498696903817 0.0154184858323135 0.00814473286183597 0.00920190243240348 0.00945925620526731 0.0558378706148503 0.0163370278351 0.0141923653398665 0.00576628005113357 1 1 1 1 0.973538557533175 0.641095100902021 0.206235908903182 0.033094123005867 199
0.00222994536231342 0.0136426848418855 0.0150610965699304 0.0422887737588626 0.0160243866270236 0.0143725819865506 0.0244847393120551 0.0206994306521239 0.173848644344156 0.0215347099965706 0.0227061385959268 0.175854458642673 1 0 1 1 1.24790241103619 0.871999710332602 0.249796278541908 0.345499760471284 200
0.0531420010350927 0.000358002105790511 0.00410379176023495 0.092539171153464 0.0620094873434867 0.000188908397276667 0.00852246410753528 0.110008354589358 0.128255168989603 0.00235065630375908 0.00203927950881431 0.123218907735979 0 1 1 0 1.85097278701141 0.528937279013917 0.0520892816130072 0.989512429339811 201
0.0880178678794091 0.00412564273439739 0.00170019337911506 0.166955839531427 0.0788430932112731 0.00425958741862796 0.00301234529284799 0.156245969076987 0.179310183993161 0.00164311714872462 0.00128468382106006 0.180379136411082 0 0 1 0 1.58239646442235 0.397302686003968 0.0591805526055396 0.776961137540638 202
0.00724462627196296 0.000305635562190983 0.00108029829650563 0.00805549141995182 0.00894186322960158 0.000497724625828067 0.000311995029327324 0.0503413171444849 0.0167188974495676 0.00486182186402506 0.00382577295406139 0.0338522810837086 0 1 1 1 1.25538257369772 0.796941115288064 0.333101292140782 0.176965203369036 203
0.0022553133335791 0.000475227928136077 0.00329995852690822 0.00380612204857477 0.0104158842162434 0.000470070002387188 0.00511278180667619 0.0184995692314785 0.163195731043122 0.001553839981704 0.00107810925792953 0.155252194894583 1 1 1 1 1.71938762860373 0.456801910419017 0.0830688297282904 0.85228689876385 204
0.0113725627511231 0.00248402068349926 0.00202496631667107 0.0440410875307679 0.00972654112678267 0.00248616121122068 0.00500349458809679 0.030464392075397 0.129786896037698 0.00401786336383825 0.00286740079361457 0.149018496112961 1 0 1 1 1.81633643060923 0.909500961424783 0.122209927765653 0.6547176821623 205
0.0146163775218245 0.000790128752560407 0.0353185390870827 0.131756162138201 0.0364346859726472 0.0270335807930784 0.121309162826789 0.18015863649697 0.190914210492574 0.0460855334447751 0.0471291076961073 0.179103833444636 1 1 1 1 1.15281609119847 0.679867408471182 0.227055517258123 0.377415033057332 216
0.0363960134313989 0.0129892067741895 0.00459188466287604 0.0669061369467024 0.0333482830447939 0.0134448606584407 0.00608598570169345 0.0594913391646318 0.174228260477332 0.0034840906087113 0.00267417912288904 0.174507794707034 1 0 1 1 0.972116743214428 0.23517226986587 0.0623948751017451 0.653171964921057 217
0.00786169012704553 0.00147101976607306 0.0117118473880761 0.024966061082373 0.00909150685507826 0.00291038925075656 0.0126152518312884 0.0284722165351774 0.0242144941208826 0.00804503253558786 0.00664035325435641 0.0415689834560876 0 1 1 1 1.38899537175894 0.938933167606592 0.230320752598345 0.179845158243552 218
0.00820842216230087 0.00196278668708124 0.00770664105920732 0.0128114812992564 0.00678865806171519 0.00200917552014625 0.00535540586487995 0.0120449198061014 0.042501798095983 0.00355978559156778 0.00266972659846465 0.0135499887551758 1 1 1 1 1.4663161765784 0.878443313529715 0.140916312579066 0.132981326896697 219
0.116792780247057 0.000593768050142668 4.36164702115207e-05 0.187108625862962 0.116936395048754 0.000289556869911868 0.000789765841907172 0.196957177410397 0.189013557909106 0.00168801870263427 0.00140192877698084 0.16737789823711 0 1 1 0 1.35554568236694 0.248671068809927 0.0762626677751541 0.73496555024758 220
0.0184861981136024 0.00416469319135357 0.00629744445771958 0.380632102252449 0.0341544411432263 0.00541508864935489 0.00454402600440198 0.473632556647966 0.0654846500313637 0.00613047280437651 0.00574021013257614 0.0882443049869736 1 0 1 0 1.1060280376114 0.774330290034413 0.270527693443 0.138484119437635 221
0.0425523873734889 0.00308073683218233 0.00162853703702458 0.0861402778370903 0.0498216841688462 0.00330798218564909 0.00128323787165587 0.101493904335318 0.138523215816324 0.0033312779254151 0.00248591526869291 0.139685978366343 0 0 1 0 1.89588631968945 0.708557615056634 0.24153565755114 0.956799488980323 222
0.017173110747875 0.00375588896482012 0.00125959299221125 0.0640908338860809 0.0199591525052917 0.0037656694883078 0.00152804848500564 0.0569445694248984 0.12382532122004 0.00399611645583464 0.00303298155470638 0.145812727564637 1 0 1 1 1.81976338336244 0.938762180740014 0.389708815608174 0.567386947339401 223
0.0132930151330872 0.0010225279394902 0.00408237737362806 0.0179977658980183 0.0162599403767636 0.000975823917186445 0.00388172927463657 0.0374345990077328 0.160536812564198 0.00185431421679574 0.00178445692184688 0.155481332679043 1 1 1 1 0.83203113777563 0.218607596121728 0.0799105186015368 0.452068159822375 224
0.00955101455805238 0.00035469785310531 0.000107379107149134 0.000722672110267457 0.0253648432225808 0.00200675497420749 0.00502118320392373 0.112239409089733 0.0215759247214976 0.00731200764175244 0.00816230552438432 0.0286731275031715 1 1 1 1 0.837685819715261 0.445561016211286 0.169446449261159 0.158804856706411 225
0.0034583576868769 0.000211960583371827 0.00179085139887219 0.137982168218822 0.00782372422593421 0.00118246372139988 0.00975128699327626 0.0429025140542984 0.022978293597733 0.00954619499097453 0.00724395295831244 0.0310307273920779 1 1 1 1 1.00655668321997 0.762241031508893 0.066403582226485 0.10132193681784 226
0.196587218907827 0.0468451617950395 0.352267855293982 0.324260848582028 0.238501344065598 0.0353009205028417 0.44424921360928 0.610663477593107 0.331315425844616 0.213173502307644 0.152215584575296 0.126655077770588 0 1 0 1 0.908536927308887 0.717416331870481 0.205439436249435 0.0808513481169939 227
0.00233272560175112 0.000151472269188676 0.000915308215845889 0.00769515741123999 0.00717248548624566 0.00016820279684254 0.00101936948575738 0.0142731954054146 0.139305887813047 0.000857051740498049 0.000809692869330969 0.117104706039628 1 1 1 1 1.44828481273726 0.252548420568928 0.0846782319713384 0.707542415009812 228
0.00222357181350241 0.00202383300156599 0.00494992373765094 0.00140044270504092 0.00353814487090633 0.00219833594049908 0.00523824090009962 0.0115781672899406 0.0512910364207928 0.0020099818046716 0.0013500631365225 0.0801245057362067 1 0 0 1 1.33494819235057 0.584868450183421 0.162979480344802 0.411473485641181 229
0.084607139594511 0.00168427860490569 0.000361605553416577 0.240968276007582 0.0741360258166552 0.00214078302677098 0.00141017923725146 0.222770818361362 0.123605302267872 0.00408206781039611 0.00323172968745683 0.155715510296322 0 1 1 0 1.8392418762669 0.801497071515769 0.217258434044197 0.73130578850396 230
0.0297105818052421 0.000762014746103293 0.000191047022718471 0.141075944273295 0.0350927828716986 0.000804868727309349 0.00058163537904721 0.157271195129587 0.104212164370635 0.00298112423285335 0.00234799330069962 0.136901200869412 0 1 1 0 1.72145139519125 0.823352826060727 0.240905507700518 0.4935855534859 231
0.00331730699331168 0.0137150133445916 0.015254068865426 0.107997213663461 0.005262186644279 0.0362860160628313 0.00233884887669201 0.0766092757444587 0.22350015274028 0.037751889612846 0.0334637276621231 0.242784705789742 1 1 1 1 1.45034931367263 0.608633858384565 0.263107093283907 0.711544458055869 232
0.00192186579237302 0.00128532398143326 0.00298113582721042 0.0062607536924624 0.00546129935364063 0.00136806367361054 0.0039493340876797 0.037232865521825 0.0266585054368804 0.00220137695237188 0.00125953221717867 0.0311987250471104 1 1 1 1 1.33685864880681 0.614469251828268 0.113146059215069 0.214217677945271 233
0.0298937075796563 0.00638591158768228 0.048453441438968 0.145346127296388 0.0433691058523206 0.0256764038311688 0.122091277139932 0.391358952043399 0.109589317410653 0.0297903284985196 0.0448945077097063 0.0382324475699749 1 1 0 1 1.00324484985322 0.632390009472147 0.240826082648709 0.0664451990742236 234
0.00310373311876989 0.00179564366979675 0.00813667243333092 0.04730680824965 0.0044943566495529 0.00147102244598453 0.00753551442228256 0.0328135566914506 0.0149478028660208 0.00397764331524142 0.00241042129465169 0.0498071095822749 1 1 1 1 1.57469424372539 0.918568234657869 0.0744686301331967 0.342334853718057 235
0.00316823763541328 0.00213060687456801 0.00626485637724258 0.0391591133716777 0.00411309611227394 0.00196665445812282 0.00711650135709051 0.0230664546783397 0.0624727938706091 0.00304325051025767 0.00208759400353568 0.131975181751026 1 0 1 1 1.78813740937039 0.91307457559742 0.101012578234076 0.487633841345087 251
0.0287917961418374 0.00169214903675235 0.00422277311273614 0.135757752953883 0.0278922545399308 0.00164642030157099 0.0049341451797104 0.143855875162254 0.105918826239625 0.00378737633354742 0.00293673573479453 0.137118834598452 0 1 1 0 1.92218704707921 0.935765326721594 0.281254440546036 0.573805344756693 252
0.0150083413536399 0.00258204330428744 0.000328091374029644 0.0996886992846602 0.0200405746078891 0.00258539501469774 8.36942897326956e-05 0.0954383175222307 0.030099834950815 0.00131619961192131 0.00106486418176072 0.0155170852716736 0 0 1 0 1.2400305615738 0.409042612183839 0.151793584693223 0.216700365999714 253
0.0060433437813148 0.00294100161745991 0.00284481118150088 0.00394755350628664 0.00611811228518712 0.002906637767365 0.00353090334774678 0.0124956644177749 0.0137747996510917 0.00407230554328508 0.00326981723438746 0.0350070314608283 0 0 1 1 1.63544499548152 0.902533745625988 0.199883616063744 0.24738468718715 254
0.0244922633827376 2.31558199718187e-05 0.0052141961191878 0.0614256263487285 0.0310463627969861 0.000555840595295857 0.0196317084815367 0.0768802901765539 0.0776623417328128 0.00715626065343411 0.00753611912741303 0.143418010813795 1 1 1 1 1.61720623308793 0.955123517196625 0.0827891586814076 0.368115686113015 255
0.181998129929977 0.181923278802921 0.364513961441784 0.0802758056071819 0.132148835486099 0.123207726592788 0.553755691431318 0.0278407066386795 0.203687173736119 0.0381521193991087 0.0355353298342677 0.219423494553796 1 0 0 1 0.521806317381561 0.144237740896642 0.0417226436547935 0.395344225689769 256
0.0229224848196505 0.000106674551471131 0.00801792550741367 0.246305603870821 0.0425687983055271 0.00011839195730407 0.0109191824951187 0.507581377695971 0.0380313287977385 0.00730497016404197 0.00573264305160542 0.0682399752490896 0 1 1 1 0.711853267624974 0.507010634988546 0.182860912987962 0.0638208058662713 257
0.0162387136597372 0.00306908856022838 0.00402352365962567 0.0345573383645717 0.0132334432553827 0.000305901602536241 0.00154042461237428 0.0408190782562486 0.116722464515519 0.0104136209208159 0.00950951570004058 0.00460955254414844 1 1 1 1 1.19542298233137 0.573836805298924 0.116344299167395 0.0366433025337756 258
0.0397985698957326 0.000266953602428553 0.00555267947758178 0.118802210340091 0.0465226522437174 0.000457638952853802 0.00600747329803002 0.130875154635385 0.185511064697147 0.00277876846703506 0.00213211868353419 0.206245947633188 1 1 0 1 1.6240174616687 0.764604459283873 0.288131225388497 0.577654595021158 259
0.0457907235892838 0.0036915106296553 0.00183656383947032 0.123281867845227 0.0397596138888292 0.00368322501369346 0.000693731642249943 0.114544477135939 0.154602600598824 0.00341936190951564 0.00281310379944993 0.181550064380476 0 0 1 1 1.74992245435715 0.876158735016361 0.303989207837731 0.66394605813548 260
0.00224561962903838 0.000232923245948577 0.00120241220370116 0.0136730828687217 0.00292352203736493 0.00160580694611248 0.00582559463697467 0.0328696826884476 0.0432091947081676 0.00483050518090988 0.00515168647661453 0.0116452415594219 1 1 1 1 1.12026097625494 0.536073958966881 0.100445128977299 0.12252656230703 271
0.098528019097605 0.00672976044269521 0.0260642448191063 0.16553649510868 0.0946722769529405 0.0054348870087994 0.0153801790242361 0.180397805543924 0.229979082173483 0.0329798831900515 0.0233235692966463 0.247262446101668 0 1 1 0 1.84327095746994 0.913819298846647 0.138221374480054 0.878319996874779 272
0.000742826221797919 0.00272969536456241 0.00652037055943624 0.0111731293241501 0.00339576362777699 0.000442550123343006 0.0109565030310481 0.0455280649656194 0.0772490682762859 0.0158261437563305 0.0178823838793687 0.0136137075351894 1 1 1 1 1.52809293754399 0.950500389561057 0.399249396519735 0.0965228015556931 273
0.0198270546300117 0.00826957490888944 0.0108110506727742 0.0740923180171018 0.0224996826025655 0.0164502242666548 0.035198393538047 0.0844414515791954 0.0396929391948753 0.0196884518983663 0.0176735135874743 0.0438997272266089 0 0 1 1 1.500050005503 0.997921239351854 0.151887108106166 0.182090602582321 274
0.0189442675033564 0.00176205748956784 0.00376712420987078 0.0862606965717552 0.0293492945536137 0.00192825718365714 0.00491087731800102 0.111716000833658 0.134040080541297 0.00369537573108469 0.00311963763809237 0.159925440273514 1 1 1 1 1.70208816137165 0.719789093127474 0.151584261795506 0.54795736214146 275
0.00487595687559124 0.00353524689520741 0.004819969410841 0.0551309842691248 0.00230582357971885 0.00343290511500731 0.00482822982207377 0.105735517807772 0.0193781671299706 0.00458271882982864 0.00341278474445425 0.0276049093139149 1 0 1 1 1.13958943914622 0.778432087274268 0.214409601408988 0.108317112317309 281
0.0319896352630783 0.00225577308563054 0.00052926145947815 0.116417815241639 0.0408486853607711 0.00015963371081671 0.0112817735760663 0.127189862973956 0.176532471856409 0.0118365880331598 0.0123171230669532 0.194820042485464 1 1 1 1 1.58546875836328 0.766697247512639 0.0901324290316552 0.544701796490699 282
0.132817021592767 0.027691800934375 0.0446233702184246 0.247811554986578 0.130936391896951 0.0462427199896103 0.0685251891791117 0.202108534342405 0.211495022969579 0.068933122369231 0.0767004600696194 0.198583715290037 0 1 1 0 1.46402684506029 0.906877311412245 0.383161519886926 0.452099466929212 283
0.0298376183314842 0.00354095095351833 0.00866312524126411 0.180869419118255 0.0535382976325475 0.0141464830526923 0.0333158263241678 0.261846918870492 0.12464289692654 0.0172549402290816 0.0166392904454071 0.128958117296062 1 1 1 1 0.722954983823001 0.483353991061449 0.22358331666328 0.142515388317406 284
0.157370634767128 0.0969573287720666 0.192850549883956 0.118760655191664 0.17207639047738 0.125271746715129 0.185036517758848 0.0223972823855166 0.271167074043002 0.0805261065440749 0.041831370428544 0.217321874173583 0 0 1 1 0.931502673309296 0.387704362859949 0.0741710066795349 0.313856648746878 285
0.00159162336695147 0.00302089287160389 0.00259417177577031 0.015769159400018 0.000320346566012368 0.00228883438053979 0.00656104089958108 0.0160758714948484 0.0188633902316118 0.00191871582888586 0.00183918991261198 0.00477326040785592 1 1 1 0 1.41005909396335 0.244683145079762 0.0340878223069012 0.168682067422196 291
0.480816666390641 0.166522039608298 0.364837759878984 16.5930872842811 0.444206740436804 0.213781990572293 0.438293220381981 16.1849316067056 0.574052694571671 0.127160392102252 0.093673183453659 0.667694816402964 0 1 1 0 1.57352373283356 0.280302762752399 0.102956929709762 0.0256734718568623 292
0.00979192705464386 0.0105208283885154 0.0403030938589675 0.068825180555459 0.00270774589875661 0.00500014955213195 0.0683696068442089 0.0440525071530125 0.180731779457279 0.0448154700873391 0.0367203843875029 0.16961516030056 1 1 1 1 1.58305845782161 0.7338429200463 0.200736505445093 0.791931932559237 293
0.0115380150330579 0.00306234168324912 0.000371769830291724 0.0494860053079834 0.0366292456874479 0.00547764183540285 0.00399315146892379 0.151851125498238 0.0799337924164532 0.00641295818756493 0.00572874567111809 0.113501024103568 1 1 1 1 1.38606266444549 0.802799242548645 0.0877237906679511 0.320161047624424 294
0.021378985384922 0.00822836811843661 1.08397201499089 0.321878716734589 0.0204619858043699 0.0295785565741885 2.48707831756732 0.364910929040789 0.139706048244736 0.0534630553148513 0.0459740482364972 0.110129881322361 1 1 0 1 0.920055143535137 0.606300436891615 0.0130039346404374 0.13817943376489 295
0.0391055086742788 0.00345523765877335 0.00299107201991674 0.104066921755081 0.0276802705055324 0.00351266856258623 0.00199353419669302 0.0832432017148456 0.167722886793006 0.0029541128124535 0.00229841186309637 0.191827683353456 1 0 1 1 1.79070469737053 0.89083138667047 0.162868660409003 0.670584966195747 296
0.282345502572491 0.0131212271177665 1.28843976994537 1.9632079804935 0.349957739182964 0.00322936240381772 1.79939462217105 3.3418127011029 0.570518082321826 0.175830203081605 0.105459837501151 0.150719183244397 0 1 0 0 0.964187714736909 0.769710404565558 0.0440899557434022 0.0390170158352703 297
0.0167387091802987 0.00119963910751101 0.0470196166713658 0.267027475868885 0.0119450383391638 0.00123641913193948 0.097349168976472 0.154180017255153 0.0398168902104768 0.0186802849628893 0.0230430628760422 0.0506697585814063 1 1 1 1 0.503987782634795 0.297510974574834 0.109791579656303 0.0641074627637863 298
0.00979296019835002 0.000404535453646083 0.00130182257857848 0.13245197584317 0.0234218962008748 0.000233409230740213 0.000433523115587682 0.167764065492701 0.074486973641378 0.00546639772253865 0.00474771649265798 0.124822692271772 1 1 1 1 1.71992877870798 0.962288394104689 0.323554534465075 0.362579485634342 299
0.00421246638330845 0.000332451785516119 0.00106641280201946 0.0226109939835274 0.00381559907135215 0.00045800300840871 0.000904592479040334 0.0338702423063816 0.00635470769959023 0.00111614803504323 0.000795133929968717 0.0237217334169072 0 1 1 1 1.11324390536174 0.352434324100614 0.130861902842298 0.289780315943062 300
