"V1" "V2" "V3" "V4" "V5" "V6" "V7" "V8" "V9" "V10" "V11" "V12" "V13" "V14" "V15" "V16" "V17" "V18" "V19" "V20" "V21"
0.0297629829661253 0.00817487823133405 0.0161276377529177 0.0788052892883091 0.0132947347432284 0.00574324910506854 0.0157601479578412 0.0349680672234693 0.206226513669683 0.0249970517526191 0.0204228883586047 0.219962628435787 1 1 1 1 1.14665266964585 0.309101206250489 0.132272714981809 0.566016362980008 1
0.01097254914168 0.0102274586390778 0.0300803445344537 0.0260276880590911 0.0116207744984702 0.0087286788336412 0.0217942990223188 0.00764674996279035 0.0351676843490569 0.0174584317058227 0.00415390250060724 0.0377718610162716 1 1 1 1 1.0039397617802 0.326628328999504 0.0247715967707336 0.162711632670835 2
0.00394011611581864 0.0311716513411376 0.0343956325811076 0.0738354576397462 0.00922513226938387 0.0423592607721285 0.030742794552743 0.0836538936725688 0.0873707629631253 0.10154556546294 0.0532098461059913 0.00232098016043948 1 1 1 1 1.54005571315065 0.942784613231197 0.36185066960752 0.0127429524436593 3
0.0494855325217193 0.0616545974203223 0.0247769773135311 0.0255447099958234 0.0610991071172116 0.0659166946062291 0.0296098107723944 0.1279840505986 0.127303018676378 0.0945877851523278 0.00672679949093431 0.0433953976446003 1 1 1 1 0.701285149902105 0.456748500000685 0.0254929212387651 0.0783239570446312 4
0.0743428393628656 0.0240857554088187 0.0476279621080194 0.152482706212137 0.0610225342811158 0.0273454863197371 0.061061421428286 0.128385831878549 0.191213137124828 0.0215072190313805 0.00330170505157366 0.207494212195057 1 1 1 1 1.33121683495119 0.304883275413886 0.0177239710465074 0.692625114694238 5
0.1149445941404 0.0208937276119009 0.0933611365248827 0.261987954865906 0.120649461960462 0.0255920390518173 0.101031014324872 0.263690626559912 0.303999672791165 0.0726804304215473 0.0366433805033518 0.263730635964973 0 1 1 0 1.79029444232583 0.684289930388331 0.149843604303896 0.869767326395959 6
0.00870355091757397 0.110119548591479 0.213179774041755 0.107565258473615 0.0164404260430456 0.135039668433027 0.221468007831474 0.0732166566575938 0.281766395122286 0.184999020028972 0.0329014845493943 0.196906291505098 1 1 0 1 1.14349149307236 0.536283893976361 0.0915618345607072 0.524219667539001 7
0.186418649438289 0.0430488506162111 0.000763441919255059 0.404082554474034 0.172124062599955 0.0441072758997766 0.00746777240106102 0.371301299666555 0.219013612176546 0.0610145345596553 0.0354828029801083 0.174512512442814 0 1 1 0 1.56050599738955 0.637203397462144 0.233300005318597 0.668867945903912 8
0.0144612198812382 0.00774115799945678 0.0522242877782213 0.0848247653559207 0.00230834926639721 0.00696292710695239 0.0566577475204776 0.0525857899281535 0.108249327442523 0.0118271157551713 0.00634927394595654 0.115553818716863 1 1 1 1 1.07441852940246 0.26117097097449 0.0339893251657486 0.349979129619896 9
0.0549413470207864 0.00612347338951223 0.000579889551730336 0.148638721051256 0.0673259859220616 0.00538131925190698 0.00626248842035994 0.183899393313608 0.135693955418102 0.0141499383478549 0.00513835998193988 0.14605932417476 1 1 1 1 1.06817620107904 0.28374484134838 0.0390948338899761 0.405133123509586 10
0.314096863422304 0.336614418463318 0.51829901691166 0.111314918705396 0.317498836746315 0.352939094784659 0.550876739095075 0.0488297023594419 0.192337096110945 0.19438628020102 0.0445468818473688 0.0257806471914081 0 0 0 1 0.513322463724762 0.415628093760461 0.0779313575476408 0.0305227264761925 11
0.0168246581602668 0.00938334996397878 0.0208567259534996 0.0467386238392855 0.00570846546444609 0.00960357145442253 0.022076825490186 0.0172595864508382 0.110224446940495 0.00905371009653622 0.00935416349765633 0.123185265363496 1 1 1 1 1.25396963302046 0.259086672216654 0.0873338542878628 0.453100867336616 12
0.000205057273090775 0.00735857522706466 0.00154226789132794 0.0523318540466269 0.0062976061031926 0.00418480806465958 0.0102852848891113 0.0256704164643334 0.133336515287215 0.0597547296236229 0.0139057079510558 0.105842411878687 1 1 1 1 1.28867208724841 0.56205772398971 0.0713672018609941 0.313750441418961 13
0.199767266112601 0.0206240744913568 0.0631645742455754 0.426554322314142 0.201077263288023 0.0201880761159317 0.0681319943033786 0.413071379379077 0.287798601090403 0.0663778066097966 0.0415523998338747 0.242649172086464 0 1 1 0 1.99554483033717 0.776968540856615 0.201026257826015 0.966969619970769 14
0.0259314137932931 0.0138021104309761 0.025993569755504 0.0416434436969518 0.029132255289459 0.0126653075942453 0.0365094787889284 0.0553853074423627 0.211708977856562 0.0434020441416998 0.0283282573323127 0.225259622616344 1 1 1 1 1.45113623607904 0.517861147643998 0.144224777352065 0.605628827819601 15
0.170036296218956 0.000846593120769674 0.167053939844113 0.393579409264374 0.166285881600042 0.0261074355634755 0.167472094274453 0.359076617325128 0.263090970291094 0.11721922496315 0.102535229712989 0.238900913022961 0 1 0 0 1.77554774377495 0.910309325205162 0.332796147791669 0.74725797213614 16
0.10616871242803 0.00667544570720675 0.00617973516377374 0.237097093254928 0.116460762405691 0.00846545653740356 0.0144481453245721 0.248886363362701 0.23549494077696 0.0508532477610925 0.0157543486616473 0.204893073718538 0 1 1 0 1.99290022393689 0.811510586645454 0.0934409152250737 0.969843920785934 17
0.0284951759702422 0.0374485520993628 0.0092848018849088 0.0304359443026631 0.0621108068746314 0.0452667384156728 0.0215394425014362 0.0990026148410413 0.259989440835073 0.107684406324999 0.0535737738967727 0.16381751053389 1 1 1 1 1.12181222438812 0.652303830254823 0.215611922554672 0.297541262814775 18
0.0431114578413131 0.0167424460129072 0.0218498385547432 0.114532344879197 0.0296231134913186 0.0175067570558489 0.0152816568391825 0.0576379600468898 0.261873144046348 0.0722607438627325 0.046779417087834 0.209634372181132 1 1 1 1 1.39790877746418 0.711442576022819 0.272970167221501 0.492779911495745 19
0.173447534259231 0.13023316640285 0.150608400318951 0.715761452713491 0.19307137860921 0.158246566713151 0.114798297766218 0.661260676491491 0.235867876494008 0.173625942102262 0.133171749952226 0.0639937166905191 0 0 1 0 1.49513221206143 0.969297251896933 0.276013411115855 0.208839517552406 20
0.0798120806514201 0.0489929324787401 0.0241242064442136 0.24408409536142 0.0746147214074484 0.0475225417612579 0.0227620054084684 0.212913340812352 0.131542505756442 0.0599960528781653 0.0177012052783128 0.0822801586777978 0 1 1 0 1.05361191835254 0.57580360583961 0.0995876919478178 0.290397075936198 21
0.000774133919791017 0.02109127756601 0.0406766710127886 0.0440406141633049 0.00401007421977852 0.017237339059534 0.036210456170064 0.0247527252698724 0.0535977274742616 0.0236322479954132 0.00583453847158286 0.0478091380861924 1 1 1 1 0.954917162191123 0.356173918116838 0.0360350233968347 0.189678232418373 22
0.1847203995697 0.0309898103775431 0.000664283079165966 0.383335866832998 0.182052159777529 0.0322960582732898 0.0113997952830677 0.367102850616846 0.254069063067693 0.112068749835604 0.0628952518324524 0.188926348572715 0 1 1 0 1.90559195447713 0.899211432784796 0.296899850713089 0.858766416320577 23
0.0207120002474772 0.139958977431668 0.155406050215174 0.021164613497205 0.021413292155977 0.136638481202192 0.170213826706547 0.0062710374693963 0.269388262996715 0.0532816746565463 0.0378596783990906 0.286698279574271 1 0 1 1 1.44636415783316 0.339705681428313 0.107949075521901 0.65327877108939 24
0.0295574712482825 0.0416428910788772 0.0858682671589928 0.0233501941109124 0.0356592488169495 0.042485991291574 0.104886983975233 0.0475786520007664 0.262821352657714 0.0539092971388644 0.0337339396981848 0.279176779986494 1 1 1 1 1.32452690880746 0.388966808328405 0.108819713583216 0.56022155075334 25
0.129764562055021 0.0122791201318781 0.0525039601134433 0.309312686940263 0.123051481267691 0.0101990450519362 0.0578744555381816 0.283522202692067 0.203290372903755 0.0454942156059714 0.0112238544987119 0.189222705654789 0 1 1 0 1.62347775837407 0.581902888603508 0.0563015448860824 0.706641011638567 26
0.368001753836601 0.207359152961967 0.0590536138351122 0.249908398569281 0.381270471479673 0.198663004768428 0.105783988849731 0.245040859376462 0.424908796958458 0.340675721332149 0.228116239248289 0.660956145420261 0 1 1 1 1.53594088042155 0.81922329030931 0.305421998491511 0.338864039396867 27
0.026885071782979 0.0167942094907053 0.279119328443874 0.200708948219448 0.00998511195471267 0.004797427651998 0.313835910117108 0.177036683608275 0.139438756069495 0.125686916378827 0.141545303042172 0.0315071106378108 1 1 0 0 1.15449209976941 0.887741309823468 0.262252214364707 0.0839636714663357 28
0.0113001454737257 0.0746693870196679 0.124154473981819 0.0871661555965219 0.0188938684699771 0.0501147861992478 0.168531139741624 0.0573855075801876 0.303024234691222 0.238505275867386 0.110960898629307 0.268801551884198 1 1 1 1 1.33023223374039 0.746596497716382 0.208682954544201 0.583391360472888 29
0.00734854626076525 0.00127186535011567 0.060097896420713 0.0427686545000926 0.00122755114079511 0.00466118141482572 0.0396662445695668 0.037949848064149 0.234822681048321 0.119713856678239 0.056510566647016 0.145381809864135 1 1 1 1 1.33386314334348 0.872996591031551 0.203180402750149 0.30182553594932 30
0.0276821307188814 0.392160908231792 0.766459442128398 0.532721171103756 0.070688011252664 0.421760752414614 0.808104570914363 0.40122565527071 0.308882558349458 0.202067283955688 0.0762023682037484 0.120880217557217 1 0 0 0 0.688756848219782 0.274017054587603 0.0872250210959464 0.193582792533562 31
0.0268907825828357 0.0642073878212255 0.121637412028143 0.00741547491154325 0.0376818757173435 0.0694992145970333 0.126970889065827 0.068845900055232 0.177357038406979 0.0858175649129234 0.049330422481167 0.111526067405463 1 1 1 1 1.29387468472123 0.575448069022968 0.175699963932857 0.262439309619367 32
0.019618971936279 0.0718582132940602 0.166472851933496 0.211305579603908 0.0263868676192178 0.0626404182110982 0.188022274867514 0.20484893862969 0.237655033552742 0.113644981430567 0.00589272096372915 0.194685326195141 1 0 1 0 1.75933794490993 0.813062491128221 0.0136818464379758 0.553855386795476 33
0.0736342337346601 0.00491406228474108 0.0310116866346074 0.227528115033546 0.0470849152450956 0.00447474557223396 0.037045697483944 0.126157207343911 0.263537135418968 0.0628252706408364 0.0457491182515093 0.208092239129602 1 1 1 1 1.16705680824816 0.476208231644705 0.181993168545887 0.41035085869953 34
0.0478655282082515 0.0805206536349285 0.0742052867331792 0.0251827577132148 0.0586102411329448 0.0877200182084917 0.0997627740020787 0.10799895817618 0.206215016828825 0.142179951327656 0.0191551486517625 0.0854963522697093 1 1 1 1 1.17711958056316 0.644914431497455 0.0495403523091227 0.143317127134651 35
0.166050725806242 0.00843160286886529 0.0623606021458169 0.440932195995908 0.161376566008467 0.00769706425223508 0.0671754084084422 0.384358357220912 0.409833437922358 0.153576415157297 0.0821676415944447 0.299720568313784 0 1 1 0 1.68119246279821 0.769982621539384 0.222718141041696 0.688786606071517 36
0.0279607649498142 0.0363733824001207 0.0333419790699208 0.00158274624303554 0.0222262249755692 0.0403088157332511 0.0429413341930949 0.00403949504138689 0.211307633746132 0.0699666473280616 0.0669903071899212 0.209148620127238 1 1 1 1 1.64126262674108 0.619784055510536 0.251746017718688 0.749476840021089 37
0.00161714591505821 0.0236918313522958 0.0613894678786862 0.0470212323328277 0.0217075028910673 0.0245274566481621 0.0757961526414083 0.0341593175313036 0.209524748894051 0.106531215383188 0.00305417067590384 0.115921244802604 1 1 1 1 0.992088751867414 0.57340398314409 0.0101286671124399 0.198892145883292 38
0.108390196734368 0.021251954608464 0.000241168835076307 0.257327851915663 0.0960989328046151 0.0222495238365589 0.00168339359316864 0.228117188270324 0.233518972370047 0.0392298210514373 0.032376973889496 0.244118704077177 0 1 1 0 1.76681672409177 0.479268473107368 0.193412908585742 0.854545774869621 39
0.0238814165073989 0.00742865811985329 0.0157992832587153 0.0556441486445447 0.0328269176650315 0.0044319897063524 0.00865382234450937 0.0698670600554704 0.198908297523817 0.0396065580299512 0.026091482523865 0.216095064571862 1 1 1 1 1.54564368957654 0.386336194816977 0.126319787232205 0.807476628338918 40
0.125388880886766 0.0448883052422467 0.0563558686754059 0.286340137245223 0.119105043417549 0.0436196008751219 0.0454015697837936 0.260093781141554 0.261452163281779 0.0769099814286107 0.00591681065023253 0.201483909957202 0 1 1 0 1.59618093259633 0.745609080651775 0.0292485177051276 0.627908543683589 41
0.0823795048051211 0.0550296342296104 0.030326765492616 0.235172216124723 0.0813672833361269 0.0554812484387085 0.017478966385395 0.221766603511678 0.203467519661356 0.0971885648201997 0.0449036088414097 0.131685570776862 0 1 1 0 1.80037733260542 0.866887699812651 0.227296380093321 0.50001604296267 42
0.0186499228869559 0.0075745033442146 0.0582381332236356 0.134987760825789 0.00674561083431491 0.0186770699571902 0.0684388870165225 0.0519888109785601 0.191519540958716 0.134630909400616 0.0332844104670682 0.106110259874095 1 1 1 1 0.917455810587853 0.568465084536001 0.130019178846851 0.214686037972569 43
0.00330123692080088 0.0755477217759044 0.00708940314214392 0.150196603433482 0.02354851699164 0.0787030011647322 0.0101554882113488 0.0738415435583138 0.274144697396839 0.106616949608685 0.0625366468918185 0.220070147179512 1 1 1 1 1.42569329869002 0.609800279606134 0.20088469539769 0.445968879153952 44
0.125793061752698 0.0645181067684072 0.028932866165931 0.256975203804221 0.121310734309751 0.0628689216417108 0.0435940268144042 0.249940460504392 0.229893609091384 0.036447016478813 0.0229262615590987 0.241539869733703 0 0 1 0 1.65019747801125 0.363643967080861 0.119411256629974 0.937808546470478 45
0.203007504549074 0.0441932380616174 0.00799447760291627 0.451747082809603 0.190964433104676 0.0397469631971017 0.0199849285768065 0.412614879811988 0.342366748019061 0.088875119194028 0.0170179190479853 0.259787246764841 0 1 1 0 1.78900625696406 0.717816187534481 0.0812688719015568 0.786931170150638 46
0.0910239996849159 0.0527583657124859 0.06420536027661 0.187854118552194 0.0834855474971286 0.0527874379185684 0.0642026497364238 0.168953163086519 0.248143602763457 0.016096455079246 0.00498199370550169 0.265819442856444 0 0 1 1 1.42885018093511 0.269676957046613 0.0272253048606217 0.729943894781172 47
0.0590638296850125 0.0402322115325495 0.005333860868534 0.163662198920656 0.0670671343762972 0.0463074569370069 0.00384195956080082 0.167238549487381 0.148872947955054 0.0633458032477484 0.0153246451469714 0.117701195682023 0 0 1 0 1.96896930364892 0.975077951094136 0.0839453472290188 0.565432354342192 48
0.0161784031328482 0.0436513594800233 0.00713665881330274 0.0520656243774533 0.0151609465064222 0.0441037680565458 0.00686733134894496 0.0512840071687066 0.0602932422977234 0.00941291113063381 0.00461303868879212 0.00454810508650608 1 0 1 1 1.51161306584254 0.290656073018909 0.0330888901371509 0.0330038003157824 49
0.178872914849044 0.0174352098919033 0.0800615657792573 0.377425688130656 0.170844586038249 0.0176076216836682 0.0845562398292817 0.345763698814923 0.286888939384867 0.0638592444043113 0.0187562745171916 0.252672465095009 0 1 1 0 1.70857795840129 0.686871864832938 0.0787511875387281 0.805885064415634 50
0.185188156405825 0.0910876217413704 0.154753004681507 0.444810461846859 0.174108751358637 0.05901314451531 0.198103358552052 0.413924061253317 0.383908512030023 0.172478465184544 0.105186180836518 0.368194258449513 0 1 1 0 1.75077651347965 0.786248719086871 0.175236573442817 0.887656368780881 51
0.1613534217175 0.0269465861907794 0.0110787755678423 0.324163852226167 0.150754655298539 0.024035814445504 0.00752291263960814 0.294106974932928 0.212121823844849 0.0475010091406612 0.0358126967625197 0.185656936601933 0 1 1 0 1.4147145729512 0.573537597432733 0.20333709823899 0.659218210494146 52
0.0130690060762522 0.00685362387535115 0.000287552090208805 0.0697146002819459 0.0039312411366035 0.00639880528101945 0.00545255678965983 0.0386896014503031 0.0862505544182921 0.0234445795504207 0.0110036758396943 0.0882885332277892 1 1 1 1 1.08593318285421 0.375244610244408 0.0723631745204329 0.329942008014768 53
0.293020782601482 0.128024631923293 0.192952138613625 0.700775874805723 0.297389843923041 0.144641799813076 0.234041090136519 0.650064305691484 0.406704613487787 0.247168407341492 0.239118292506399 0.177142511304457 0 1 1 0 1.74631665181369 0.868610889883712 0.36691697104834 0.628229703987017 54
0.00133061385440748 0.00268146187537072 0.0039558590549842 0.0812864505173008 0.00630475069013772 0.0103825901632625 0.0218835266809185 0.0744616190161713 0.163861029852509 0.122688048194803 0.0326759942401286 0.0487060709415273 1 1 1 1 1.39903084049001 0.873160670045763 0.142407559324056 0.148372888099402 55
0.205423671160519 0.139771331772015 0.133111867751925 0.389675478712144 0.186503761659706 0.144503219824047 0.1413386615437 0.363444630048981 0.242939401171203 0.0823336243195796 0.0362282667627402 0.251497515194826 0 0 0 0 1.17869538674131 0.318340430734679 0.144795483443886 0.747729661874473 61
0.0308804323496684 0.0359019413878084 0.00147879183509838 0.148351085390965 0.0337743392466897 0.0411915768274513 0.0156473582783346 0.14248106980175 0.112525295403806 0.0891859966484685 0.0362661593712711 0.042071868105257 1 1 1 0 1.64083431707695 0.948316963855177 0.198992298683152 0.20256760623306 62
0.0321297032112122 0.0140841861119686 0.0524973522630805 0.0631129856007639 0.0347652350486327 0.0137718060777901 0.0539044091236922 0.0660213989125583 0.166985930710574 0.0190052904641015 0.0157107352857654 0.187771550592137 1 1 1 1 1.47708100220188 0.304484145017341 0.117663246812299 0.675865403143689 63
0.0054726589301665 0.000813590195117554 0.021424960979056 0.0230001437781716 0.00534429076623477 0.00322554860941547 0.0116843930062598 0.00960820989911046 0.157621169936579 0.0361470642848544 0.0273745000726573 0.152333455715803 1 1 1 1 1.43330241367221 0.469880353892222 0.180123190395534 0.490995169617236 64
0.366897168686993 0.148815303850727 0.11304936800113 0.652513187982484 0.332330108610535 0.158821475309213 0.122335693651462 0.58738755524056 0.218743777472161 0.0320826899943065 0.0136192955975764 0.209624857723662 0 0 1 0 1.16290254564956 0.183706197654828 0.0405289616901428 0.704619693337008 65
0.0164437969953717 0.0108955932041255 0.0357397365832564 0.00141687323733828 0.0170694910264004 0.00884884197052654 0.0305240065798186 0.0122652860894385 0.0376180501640706 0.0164537866115451 0.0151358317635777 0.0452121076221214 0 1 1 1 1.27151663508266 0.338516823248938 0.14444093266502 0.247696628328413 76
0.046962984456907 0.0388522208072469 0.0166112992322423 0.076828826909637 0.054435933540537 0.0400161460521153 0.0230272623341833 0.124622862418864 0.16295622362384 0.0888291514992651 0.0458995608615141 0.0818994916718209 1 1 1 1 1.07897741766647 0.68392857327126 0.267426738515496 0.201299786102027 77
0.0894628695262946 0.0186058125481144 0.00158269160394503 0.183261063958453 0.0845386977642825 0.02486253541016 0.00499600248573175 0.166524838044183 0.301377413280296 0.158135949503331 0.0859231716807729 0.256526621438983 1 1 1 1 1.60210255673155 0.830231344792992 0.367578281089664 0.664878014242277 78
0.017047595068666 0.0111217271512277 0.0145531503618563 0.0411687917855613 0.0156539802071428 0.000418489206837924 0.0114941335955169 0.0600987780029057 0.14860238716407 0.0685209103718413 0.0070657603464136 0.0935489776679069 1 1 1 1 1.4811228341423 0.933115994557738 0.0391989876516163 0.317262266762555 79
0.0551993027727892 0.0604295246293717 0.00901515682013965 0.042745338847923 0.057974662261846 0.057255038579585 0.0257427920044774 0.0962345717827371 0.229626276100168 0.155544923017768 0.0912960662468001 0.0834818901618271 1 1 1 1 1.1059691645205 0.764175681630149 0.323051849845797 0.158664148533717 80
0.130651747703498 0.137004765905327 0.119724152348999 0.391377087076519 0.131904511116454 0.142127750961981 0.0880012126970326 0.367116258675261 0.185992670106629 0.152824116931668 0.0206545251828 0.0300092901696467 0 0 1 0 1.27792575443164 0.966991814319044 0.0654663851018995 0.101655689999461 81
0.155857398084638 0.0698703701097888 0.0500804209237157 0.326576710787802 0.153060345688793 0.0765980700412246 0.0464528829835222 0.303353969287069 0.226343766530547 0.0847344918327708 0.025362394620907 0.162142935881227 0 0 1 0 1.77187600219622 0.980679680593312 0.134610302280635 0.602341853315011 82
0.055628405316144 0.00456507602530328 0.0122949106334463 0.17268503879477 0.0694216214901957 0.00467276505997165 0.0166336463136185 0.216636480566773 0.138320540465686 0.00586611961274663 0.00130335197735713 0.152283179689289 0 1 1 1 1.19855506764725 0.246586051536724 0.0100741644855589 0.383762477431446 83
0.0627437726341249 0.0217464666950091 0.0062807798964171 0.147013381669262 0.0489755834853139 0.0238462730613646 0.00962526743195647 0.113003129696485 0.149493504198182 0.0197925880555063 0.00558913538002208 0.159594847012971 1 1 1 1 1.09902399824932 0.273382934974506 0.0293370082508773 0.509707205928862 84
0.33625690217421 0.43957286340798 0.346481646277027 0.172310376833566 0.318019950859627 0.420026608943317 0.380590599419863 0.0480443054711668 0.231010484640523 0.231102614635733 0.126788226570068 0.0551866731237849 0 0 0 1 0.681999451015145 0.524251558119431 0.239508895669132 0.0809701525140554 85
0.00300008824904105 0.00632673387041256 0.0180357255601993 0.0116651014058901 0.00237556420794842 0.00592098393674515 0.0159717675480122 0.00623518931352849 0.0415376203473063 0.0053684006636634 0.00162788133431467 0.0204611168091847 1 1 1 1 1.42299400363117 0.259661698713899 0.0134647584054619 0.1624670852907 86
0.15163870943237 0.131525211339466 0.00522960400615427 0.305898025819415 0.162181704430767 0.161423844890245 0.0450948114271637 0.18128020198038 0.211072990585496 0.19761057974226 0.108681896106754 0.105885298584359 0 0 1 1 1.19886562693864 0.96049494901672 0.210728319361806 0.182071308372542 87
0.0127415820025722 0.104908858914304 0.111982346172587 0.090582635076558 0.0210821721955044 0.107510661062254 0.122735313268877 0.111961144262737 0.190098930016881 0.0733732302418572 0.0343027706927488 0.19888078624648 1 0 1 1 1.56535166269168 0.524979378096759 0.118019520770758 0.90673198364675 88
0.0414399442452983 0.42750642503346 0.594679489502341 0.47124085682613 0.0446146407577368 0.433127282788845 0.611901584646053 0.422495578078645 0.283461791526596 0.238294170194661 0.0950223546095426 0.134944346802522 1 0 0 0 0.88625013269484 0.446366888703778 0.148047736380249 0.432289927499369 89
0.0458703732564284 0.0164297207019304 0.0247053254483112 0.117525865686571 0.0482187992488552 0.0174230970653994 0.0141382139874092 0.124289433332305 0.186927796988003 0.0535595464098798 0.0297967049212735 0.167241459071111 1 1 1 1 1.86671740468591 0.753209598362446 0.167453079251572 0.704245692817494 90
0.0701637117303612 0.0977458829560862 0.0218589712099467 0.282849045708033 0.074011279926665 0.102103928395513 0.0246502538022118 0.278198722722836 0.15261613359996 0.128977277769891 0.0539851537423103 0.0421006753021476 0 0 1 0 1.65605641435832 0.964752489235252 0.225094461813569 0.180579631822184 91
0.014145899291428 0.00341957783699529 0.0358812239147578 0.021056710145393 0.013728034933383 0.00398916206044912 0.0375372790030328 0.017853441446131 0.0587717292439867 0.00811125181526262 0.0135289468753903 0.010490740084136 1 1 1 1 1.59303466742858 0.269808508688584 0.10133135644719 0.0929480462800711 92
0.200003385607092 0.00348693516752256 0.042151529479859 0.310412435032657 0.195898477190927 0.0110806670595865 0.0516914742456119 0.297274859128135 0.222526963743937 0.065023305612272 0.00625748651996465 0.226982235290912 0 1 1 0 1.28797213267535 0.3027829087805 0.0263984987977892 0.900887617375702 93
0.0132355874075731 0.0181578268219533 0.0159253229497745 0.051699409493468 0.00593072978818981 0.0186756478196974 0.0257848405605988 0.0317500666356035 0.195308138535279 0.0324662247050497 0.0207293201369904 0.219851314239507 1 1 1 1 1.56368562486023 0.402162624290213 0.120756253134459 0.675922867609188 94
0.145439983096083 0.00742362633815023 0.0482593983048658 0.254672702669936 0.134432376250392 0.0152949347454516 0.0309702247619782 0.226319836097721 0.279523788203935 0.0603205768811119 0.00443689736806576 0.282643895578818 0 1 1 0 1.28920260863379 0.365261931205168 0.0161844259127975 0.740825419314206 95
0.0088103266347547 0.0241550678272157 0.0180683090857578 0.00474253640073517 0.0274905700035766 0.0290543481957616 0.00855293697135999 0.0302854531043325 0.230956189597617 0.0600074130057535 0.0196902311928562 0.229383767705409 1 1 1 1 1.02984096249565 0.378520963713527 0.0850180946290493 0.509817961137742 96
0.163374700362296 0.582546634184085 0.600436639159601 0.641031605478363 0.160652714228615 0.572512082503976 0.68168582609474 0.613398280685603 0.370912345358267 0.191864294632464 0.0702152024090579 0.263557367764943 0 0 0 0 1.80826173443347 0.45680502965115 0.0636956105008721 0.890211947029456 97
0.052669818222017 0.0189916732485237 0.00640769497942119 0.127475451611693 0.0578566742986442 0.0197572154360126 0.0209107897615453 0.15041668782407 0.222115478931815 0.059006940596099 0.0217684418959626 0.187907188260313 1 1 1 1 1.46824479103088 0.648094429867342 0.120551144005731 0.435484500369057 98
0.181685845814809 0.120868938412868 0.0997135075352958 0.560997325801132 0.187592914932471 0.138158651466724 0.131835199787961 0.523303465981252 0.212969450448544 0.162347987569017 0.0510259507494916 0.0646261271122406 0 0 1 0 1.47360026603565 0.987892950186506 0.103742103092372 0.241834082407877 99
0.034863005054734 0.0151528337669825 0.0152622353127579 0.33728675387005 0.0483061164585256 0.000376399072529414 0.0352604436243939 0.266162836214053 0.207734044105171 0.180599862485188 0.0292134358475253 0.084266037475948 1 1 1 0 1.15167446900159 0.823573026806116 0.0906598328147084 0.205427017761394 100
0.0945107888033227 0.165042983380519 0.125365302988278 0.402874608382939 0.0834345240050906 0.138408265724202 0.149284291207815 0.358306008571644 0.285561939035126 0.158497158170794 0.0686659791901664 0.240768069344067 1 0 1 0 1.52716022077948 0.737695465795696 0.163626953260973 0.696092047262937 101
0.0550096778658427 0.0477027505312461 0.0889628912722324 0.158642614473847 0.0606469244495257 0.0561347295386732 0.0830074716992276 0.145706899382215 0.151412569622713 0.0711259927165256 0.0710684714195131 0.0968738681569046 0 0 1 0 1.63577365968376 0.986487993504852 0.383424478117377 0.388243217486888 102
0.0714231425859962 0.0361713968216721 0.0592158256408058 0.187361283301752 0.0607497730535095 0.0384009240913859 0.0618887306425222 0.140654152732629 0.252568645361289 0.107824629305591 0.0325033060312309 0.147477037260839 1 1 1 1 1.46793189179152 0.842703562229872 0.161054811673239 0.388288215966895 103
0.119615175941554 0.0129051189264775 0.0117810513070103 0.289384348245188 0.116707550015087 0.01170902275542 0.00812527481306069 0.277630153797122 0.277372215952387 0.0776960996411561 0.062261144090658 0.222314329944402 0 1 1 0 1.83091538213193 0.862672008341178 0.3240014645271 0.786945214029402 104
0.110763687345149 0.145772054921623 0.241878675719707 0.442835234490407 0.099598205348005 0.121728243582623 0.263507546593716 0.395193983824637 0.2809799481479 0.182710352897215 0.0329638850678407 0.220475809481858 0 0 0 0 1.39914635382593 0.708692834945396 0.0941834254190326 0.600150750251487 105
0.120607504869515 0.0499397135275064 0.00613507681497009 0.33148321647041 0.109174643707602 0.0514663254709242 0.0269427788058127 0.26958926163824 0.397972616996705 0.16124874756333 0.0730112611846855 0.265565423390575 1 1 1 0 1.57524196291342 0.817474620649591 0.25572235416621 0.518341111019254 136
0.00290127164926633 0.11604309635669 0.0740597039651431 0.208105352975413 0.0157957876762087 0.116486370446271 0.0844681943594683 0.146328258594136 0.215642102638412 0.154475504874596 0.0316593471387905 0.17246058922792 1 1 1 1 0.939082272816449 0.512905430281535 0.102034887066111 0.336192601360381 137
0.0877743881378645 0.00567972103783513 0.0321126284062427 0.214119227173422 0.0832087646827883 0.00860179714924757 0.038883222712292 0.19527540337764 0.209164897956762 0.0533099475636766 0.0455666249273926 0.186967793484116 0 1 1 0 1.74703015293926 0.655755027430132 0.244433786021546 0.735368025489151 138
0.0175108866339881 0.0279573753205911 0.0179983879955776 0.0864528172746001 0.0223050288331308 0.0364205240927015 0.0133152708751826 0.0806906542187408 0.126991094801161 0.101326720330109 0.0370542194515169 0.0385771014792332 1 1 1 1 1.55536133330315 0.923002098221332 0.217502195155248 0.16478222515434 139
0.0793356482825167 0.110638536946828 0.0220171682890378 0.38695044973273 0.0856115642473876 0.125846835145191 0.0433817742358602 0.367766671210254 0.174309647599505 0.158673095207584 0.149765072380402 0.0279245437692504 0 0 1 0 1.53820656752214 0.965009984793141 0.374760367209092 0.106090806890279 140
0.00869699912739247 0.00376008300936061 0.0463637566569273 0.0701327271417753 0.0149838879372794 1.94307659449288e-05 0.0307690049821696 0.048482150166641 0.145431621339545 0.142866974516983 0.060567907512939 0.0303224820281241 1 1 1 1 1.42434225184843 0.802161605563015 0.235966319683939 0.0890944460406899 141
0.0103523837246585 0.0248490733496652 0.0381136375114085 0.0851537854571844 0.00245716549864496 0.0224240157957649 0.0365616034912716 0.0291931544491357 0.0431977390338197 0.00921554810885586 0.00535102321135267 0.0484008507476415 1 0 1 1 0.840781179256737 0.232541934354231 0.0478695291094482 0.209006621036679 142
0.0142636532748118 0.0169481273465251 0.0184013819716486 0.0321654294013072 0.0176907226830715 0.0229764158802681 0.0133423415473098 0.0521854769243286 0.0472209536469042 0.0463213724629739 0.0232508360337683 0.0204988300086173 1 1 1 1 0.986797175835818 0.429446791298687 0.126605201978236 0.0880732778459787 143
0.0337915526320153 0.0439496853778021 0.0483614665561678 0.0614360122704754 0.0386554915231376 0.0447160459047499 0.0532363666528214 0.0874742363367566 0.127439970969815 0.102165248514843 0.0289957038949007 0.0422601809575547 1 1 1 1 1.39671241957694 0.801504180300981 0.154004799202085 0.132380713243037 144
0.0474551389499299 0.0518594170863039 0.0601056088184681 0.0947116928476982 0.0542263158663968 0.0570035992061777 0.0624778958571294 0.127829019855874 0.149263822173626 0.116216659911147 0.0325571956610353 0.0552660694287209 1 1 1 1 1.26962660672143 0.704531797673553 0.138853709679097 0.145007730461657 145
0.106057814413605 0.0206443472696824 0.192886882394293 0.547116300299 0.0845360947504539 0.0327576311450354 0.233169958147657 0.429553081677191 0.345373724346025 0.248101274125023 0.1231538111535 0.11304905922822 1 1 1 0 1.064552038908 0.577023763908073 0.22346173110418 0.245023691095412 146
0.00525015481302612 0.00588723334529743 0.0119397504695338 0.00156708075928929 0.00966880438451863 0.0103105806972435 0.00617149405657816 0.0234485824533197 0.0751983373337233 0.0471526676881868 0.00639270056576297 0.0321005011417804 1 1 1 1 0.750818411353976 0.406815295806155 0.0401492703240365 0.098647567210719 147
0.160076759016657 0.107855992753582 0.0510150070653675 0.39657924243498 0.1645580784362 0.122519073243988 0.0719720492618184 0.341417570895265 0.167593694954637 0.144090095243602 0.12071912955813 0.113491124209435 0 0 1 0 1.3584800651297 0.980644116410986 0.385580960428342 0.292845429154113 148
0.0189779890929557 0.0149777275592884 0.0507726148501574 0.00196435762765757 0.0180806584165149 0.0173521544964256 0.0572804858070408 0.00164814505499779 0.0378583891794555 0.0161228582172763 0.0141526600423227 0.00764544149205972 0 1 1 1 1.36884180223569 0.330096299760044 0.101329211844131 0.0603596139699221 149
0.171181105943512 0.0284332991871869 0.0203324916608219 0.388173866268425 0.162020303973055 0.0252938366332306 0.0351544776896706 0.36664845224476 0.219365675020523 0.0558074700802988 0.0122452715006274 0.194123769486898 0 1 1 0 1.86440014280379 0.651545585133135 0.0615028149913996 0.818934508832172 150
0.000814370145836837 0.0385035188525369 0.0243625943712829 0.0962255206822018 0.0082211301293101 0.0437690756379548 0.0566617110986971 0.0572833515543725 0.199304024464424 0.0852072929926516 0.036412852144488 0.164829453791181 1 1 1 1 1.38163592340425 0.527611131314188 0.117403786629438 0.448260172270238 151
0.00711038039735557 0.00157057046798148 0.00114456275052427 0.00883142319926609 0.00600563772808279 0.000621015222850362 0.00652168710074055 0.00829414171867568 0.0319128316295292 0.00347739966844465 0.00171412274769658 0.00232993482366919 1 1 1 1 1.05775678157806 0.177588424412534 0.0177894132211804 0.0282952601555735 152
0.380367134644406 0.256757570213409 0.127343098844547 0.526231187156921 0.36130917805016 0.270685829273545 0.161514214219571 0.490741670618502 0.203403761073157 0.0732398816136932 0.0128210881712316 0.205960620660365 0 0 1 0 1.09359874390066 0.159678103169426 0.0296433439943939 0.889958090148866 153
0.0355116318378909 0.00409267342654199 0.0218120571433755 0.0996432490742082 0.0434704281790593 0.00986257608177358 0.0100833928822777 0.107121008025223 0.23648362963386 0.0727343854324952 0.0600192752169966 0.228192332738322 1 1 1 1 1.77112595224753 0.694236997747794 0.23965665185824 0.834020861890167 154
0.0475661554592966 0.0789276453429785 0.0603957444864878 0.157055840209899 0.0561207601504366 0.0847888254687672 0.0694118183133401 0.198605834602385 0.09207940921377 0.0654537509838743 0.0208717985848504 0.0422935145919345 0 0 1 0 1.06605137744918 0.522748469607905 0.107421365566552 0.127208366524428 155
0.00243332958459246 0.0098465847537399 0.0302476548039267 0.0136228652774648 0.00321197151692575 0.013314452857951 0.0371394163419264 0.0186203983746048 0.0357285931487012 0.0238755183458572 0.0085591987369498 0.00191095057961985 1 1 1 1 1.10832266695797 0.331950969062746 0.0503867527004331 0.0111957301851362 156
0.02356727679209 0.0306517676774325 0.0393710399627116 0.0161988318059514 0.0307502331685523 0.0264405523539763 0.0471489397234583 0.070658423035757 0.170751564695677 0.0931397585036916 0.00227025102008088 0.0834782747608844 1 1 1 1 1.07454392826185 0.687851474154741 0.0110839914996177 0.183898476185277 157
0.0252713933554545 0.0153339204627446 0.297240603025073 0.072808909345604 0.0133915468398351 0.00969922279304662 0.299285834466639 0.035261049430576 0.377733667579617 0.144977580286577 0.158386557943931 0.35742226899851 1 1 1 1 1.54691516468301 0.870410940377042 0.241996779805049 0.573902095435187 158
0.123932726883438 0.0901834322105222 0.116423951015287 0.221833782069307 0.127015046517167 0.0868445828917895 0.112955056882046 0.230497583152534 0.183569199982888 0.0360628332545389 0.00705711488749693 0.19925681098445 0 0 0 0 1.50341752544045 0.364615353057161 0.0393503841478378 0.978834372479469 159
0.063587675420058 0.0882978487134336 0.0596518437803781 0.215507002905879 0.0696787886307863 0.0968606086554558 0.0556018710893458 0.217116843186837 0.129328579291709 0.112455430276506 0.0399400192304887 0.028610645992098 0 0 1 0 1.50929900864139 0.981956452596933 0.24175894097425 0.13243901450187 160
0.0723018878198439 0.0751075012606004 0.599002442907268 0.205319848102211 0.0825768954037989 0.111882228178586 0.738873416497938 0.0899778100705482 0.278852574226884 0.224593961728803 0.109618133044292 0.179774216643949 1 1 0 1 1.0724984141998 0.895215108757839 0.0925290181767195 0.240422064904124 161
0.0152449264837606 0.00750742928501947 0.0698814442514628 0.0835209275513902 0.00256394208540784 0.00651996172110476 0.0734693753701843 0.0409428793115077 0.255518299117894 0.0843692854131721 0.0470986162678135 0.195669712069743 1 1 1 1 1.48978677112609 0.734454407822341 0.196147711249068 0.474906536983326 162
0.0964828736527038 0.0742074942742023 0.103602292578102 0.126044710474139 0.112954708128288 0.0764587004549404 0.0922681400039763 0.190710455711644 0.224086581554794 0.0849051661386011 0.0460212984725867 0.176458456113142 0 0 1 1 1.12406261730939 0.569637043168768 0.178870126837865 0.381576522486284 163
0.0772432837381139 0.0150842968649321 0.0039222160826166 0.180799024515526 0.0871703312766929 0.0193663852695707 0.0100426084892024 0.233337606214663 0.161567645050696 0.0368102324063547 0.0115063389473087 0.154923032963393 1 1 1 0 0.98847237508744 0.4490358941257 0.0686415566597134 0.353760935831815 164
0.0813722131370571 0.0680263704968382 0.0314204344977516 0.308048132033327 0.090072501232016 0.0769235524143687 0.0189203347679987 0.247544700780591 0.156628503875159 0.116850087633 0.074159686838877 0.0746513570433278 0 0 1 0 1.27828373992816 0.957511524669826 0.309466864448041 0.197700741700828 165
0.183209855155997 0.110326431363519 0.0765896358015448 0.433157006174527 0.179337259211999 0.115058902462908 0.0654857389042884 0.380042363843783 0.205224826158354 0.130267498654399 0.0872948528577937 0.139084128522028 0 0 1 0 1.52383935730904 0.979973334353417 0.392055964563042 0.419369439361617 166
0.125078277944918 0.0607353874465091 0.0371824691429522 0.200703259637982 0.113360298430591 0.0798295183196215 0.0635417803531618 0.166820682090903 0.310084409304374 0.157529180160375 0.11480558184356 0.257964147789413 0 1 1 1 1.55932332854718 0.909628820372745 0.346053831046447 0.578456909395754 167
0.190447994013933 0.26281847086031 0.535468561354799 0.0634226992577816 0.196457567305765 0.221542349244299 0.760305683122052 0.0781551517016857 0.413157608128838 0.276046189408208 0.0917930420480146 0.327981864244808 1 0 0 1 0.985249753575772 0.596414080820978 0.0866091959178448 0.444711872609332 168
0.170932166638554 0.0142646690500976 0.0428002513131531 0.349028684886737 0.154893016565782 0.0131948173665146 0.0434954755308595 0.317005950052594 0.174868046548475 0.0250149249058982 0.00516439343759131 0.17849419175447 0 1 1 0 1.34134643431753 0.40654869005084 0.0352221366483718 0.689255224307999 169
0.0437566917342152 0.0145671390324968 0.110232719627037 0.175541000578137 0.0232075910910713 0.00128599726471046 0.12253463290201 0.0856706639849429 0.218722811722643 0.129551340186999 0.010983750487214 0.0993361117218402 1 1 1 1 1.10192432953045 0.717693654587492 0.0351791169960052 0.215632509440184 170
0.0113915755839616 0.00947525109418549 0.0378398592365425 0.0182145254856813 0.00544180486398683 0.00823912001440934 0.0418506813545592 0.0101800864360555 0.192744166356581 0.0496398678159056 0.0443932226581147 0.165510836519217 1 1 1 1 1.7907443465665 0.775482065277174 0.264216295443475 0.63058475125581 171
0.110716557533563 0.00256808437022837 0.00109947684636113 0.260158770476365 0.113702972385328 0.00493209834738815 0.00968298723891316 0.25891948897411 0.226645483833642 0.0570932514669842 0.0404224916411566 0.21151134316302 0 1 1 0 1.95471557183191 0.657677088864148 0.223339004209265 0.889333772007376 172
0.0591022773714633 0.104633135464818 0.0126734671722029 0.207894505339469 0.0561790943109326 0.0847908915201448 0.0463997221106067 0.205828987099446 0.288207879533663 0.170773591702482 0.0693362284265343 0.242074836033856 1 1 1 0 1.65332983154804 0.763354301219806 0.200457122875378 0.792589518008754 173
0.124406039386112 0.0372968190107797 0.0638910405011514 0.32159365793026 0.114991193938658 0.0389368656185268 0.0712417107832067 0.278242129817259 0.244280252705722 0.0829354007416711 0.00904852408956513 0.172797642882014 0 1 1 0 1.60199154913425 0.785008261213079 0.0421286020427942 0.565750573528931 174
0.0109488313616962 0.014312015286023 0.0241599388262313 0.0349162323587515 0.0239229800332778 0.0248821669919877 0.0379435321880463 0.0359329605639114 0.102299054033334 0.079710117905919 0.033039943522894 0.0322526188381196 1 1 1 1 0.842823148705065 0.4845108485315 0.14580877055414 0.076409196248278 175
0.0202208385533121 0.00535090403714189 0.0702625980415641 0.0952874137206385 0.0295373069287069 0.0062482677332167 0.0824783769760339 0.0989319177388919 0.20623770424448 0.0758108576094826 0.0538105903263886 0.169608029278753 1 1 1 1 1.8381939609535 0.78171121655032 0.225660758791491 0.627353398129344 176
0.022024349205702 0.0367901727008234 0.00841895787608061 0.0722462306412198 0.0271774784484394 0.0422736169929106 0.0155861633537039 0.0972993924879988 0.0988938903716441 0.106223750198664 0.00264959536969613 0.022454723150716 1 1 1 1 1.33564538834617 0.695099112112075 0.0125865454319865 0.0668667070567608 177
0.188655045554454 0.0380682483692028 0.0369049915064086 0.409170136449507 0.183716285149627 0.0369805096084563 0.0391162359956057 0.393512054149239 0.243141828311717 0.0628072088893796 0.0266740055150103 0.191024205120318 0 1 1 0 1.90068123163655 0.712016752688214 0.139414644101635 0.855704821646214 178
0.0530118943007526 0.00952765616002489 0.0510688777430274 0.165811563079476 0.0346751764681449 0.0113704648941045 0.0621643037062191 0.115270156022089 0.205394151548135 0.0375611792410456 0.0201888085457543 0.195563988788235 1 1 1 1 1.42736915498972 0.477078812429681 0.0982321701012552 0.545725685544312 179
0.0813833666428547 0.0696962877889599 0.0313790407384381 0.286165679298496 0.0698223698226124 0.0659729408201434 0.0252142821236046 0.240683479036639 0.0701208410226332 0.0420280959165608 0.00784055272428551 0.0308684230927451 0 1 1 0 0.606932490132749 0.297955380054191 0.0416473317891359 0.113513928372413 180
0.115938971997084 0.0495287481349504 0.00787227816504966 0.280786594009634 0.11906593346846 0.050302495876016 0.0131134855674596 0.276104441351186 0.201197320775579 0.0718691023709743 0.0189589960051755 0.147048109077757 0 0 1 0 1.98694147402421 0.906940113054588 0.09818378649652 0.708025241270661 181
0.0394625299220191 0.063020256312956 0.0856694112933796 0.148084829187669 0.045147995537482 0.0731265543791139 0.0816577183438377 0.153691536836741 0.130670321732262 0.125125429393448 0.00837737827665835 0.0127671815415545 1 0 1 0 1.359236179851 0.944579614093527 0.0414148566778749 0.0452963872812688 182
0.0301926034139527 0.0330121558349706 0.0472998578719651 0.222760698309707 0.0348307749435249 0.0454224142742867 0.0277389455331745 0.20217052060687 0.148515259544313 0.123003270329578 0.0111957345105209 0.0422011764269598 1 1 1 0 1.43707517627627 0.920840727863833 0.0357172368094325 0.145527405897155 183
0.0593755437360677 0.018514464175528 0.00113951537544365 0.140629262943847 0.0674640690297737 0.0269806210573768 0.0177656678726481 0.160484451216692 0.201673435703914 0.046814534141795 0.011071136489323 0.192985764808487 1 1 1 1 1.35790231218562 0.496043074177578 0.0450264550745487 0.461842213524505 184
0.0161696341184608 0.0347178354936545 0.00403766677405848 0.0466821848534641 0.019134508478272 0.045085969671549 0.0039580998450882 0.0700613255700014 0.0440527865995006 0.071430701221857 0.0273864498850366 0.00493344436780315 1 1 1 1 1.12313216738403 0.501908174483106 0.129360229941085 0.0161895796190947 185
0.0165244547700961 0.00828365236042268 0.0142589515129666 0.0162973782807013 0.0253059199482493 0.0108414588132572 0.00893900224214847 0.0540424117567958 0.0904087454789866 0.0561597536971385 0.0137780504694475 0.0697722195717472 1 1 1 1 1.178340413142 0.494485738920048 0.0818103586789221 0.215526681626216 186
0.103746049907556 0.00508030312386843 0.0455480475053989 0.212884049352462 0.110567492459067 0.00149671372665432 0.0490680089245234 0.223594206360905 0.255320572981716 0.0568749751974684 0.0360641873669199 0.222092772546159 0 1 1 0 1.92045643739402 0.8031748351641 0.189802821958438 0.925824423786253 187
0.0514647474452224 0.0450746835503528 0.00698916870389989 0.163121080034567 0.0431509830885762 0.0389500550288422 0.0140722064496494 0.133684816385287 0.170139105942001 0.102356703644894 0.0458386740119778 0.0986926979490114 1 1 1 1 1.6402641357854 0.823904419085011 0.262003395706415 0.337931318208575 188
0.0629135534724049 0.0742671264445719 0.0520369913683209 0.262870507543495 0.0674856530424915 0.0811342888358603 0.0664107403435797 0.255474602952783 0.136912719143097 0.113186523243786 0.0829591293874791 0.0311296436743766 0 0 1 0 1.52432573214173 0.956013550283387 0.281830614199862 0.122349533485249 189
0.275231402226408 0.0392023571546926 0.00364271187557615 0.544959871490561 0.260594320121706 0.0423070692840922 0.00421163884215961 0.508483766684422 0.306504773668543 0.0816503836943786 0.0680972049311127 0.236668260670713 0 1 1 0 1.93882315373048 0.759312282549217 0.322472184430808 0.948755883146077 190
0.0087352638339442 5.74490463656795e-05 0.00357708141198479 0.032564730436902 0.00477560797662099 0.000390759126474257 0.00581469621029502 0.00900595392803041 0.25027311695137 0.0545596201647598 0.0239842492058269 0.222445155848656 1 1 1 1 1.63244640594348 0.756891311844811 0.133887659525499 0.602062438381836 191
0.260097341889758 0.0022355819022063 0.516379860822002 0.850187498433943 0.283939190076971 0.0559963245479765 0.574632689994528 0.766937681309881 0.396095763555004 0.290248914850959 0.290140901689242 0.133948979869725 0 1 0 0 1.53095308877528 0.755688140168786 0.286874482640997 0.512301544193178 192
0.0422125308738901 0.0428247458855484 0.0395632861818208 0.184315773781878 0.0451585192323051 0.0451225133340469 0.0422951451720662 0.197898549215674 0.0603570037867878 0.0162822391050734 0.0108040126516033 0.0660497350061089 0 0 1 0 1.16000853152946 0.323013395769522 0.0831337904091924 0.282235614722595 193
0.164360155768258 0.0891717452332471 0.0143778724810003 0.494685143287338 0.168438199973483 0.103720531126388 0.0264343077266946 0.453597384837973 0.257556343426767 0.168704603380812 0.108522240855749 0.117583812050598 0 0 1 0 1.52956337342039 0.934540497371927 0.284737705951557 0.397952742408961 194
0.175529249188954 0.268575861657988 0.117894392862974 0.471336279725414 0.172021174271549 0.25836658415611 0.15595166936858 0.333343265960819 0.285142246137318 0.255536926782393 0.109018093944774 0.0479058125207885 1 0 1 0 0.664563896600157 0.515438844915479 0.226062421454117 0.0837466774974018 195
0.186721275581106 0.0363225770796155 0.0176757723397788 0.41952299201795 0.161260493688159 0.0334584483915081 0.00996184960861522 0.35929589245515 0.292707382916124 0.0759549485972885 0.020781068801656 0.241161778161754 0 1 1 0 1.60118129756302 0.656702967593446 0.101604444673285 0.709698690334335 196
0.11007269127805 0.0542088032948121 0.0758440862464635 0.212331037447337 0.119978424690917 0.0627199110401007 0.0856284016662863 0.219493263216583 0.237054473888385 0.0739604564924181 0.0251153254344139 0.24218063552922 0 1 1 0 1.46972951339558 0.40948500437662 0.116472315974534 0.924870951566845 197
0.0461631608677027 0.0829562482866889 0.107155138101153 0.230104856982951 0.0261830473237463 0.0675488331341667 0.0920104942157572 0.1599943688727 0.15926588712902 0.128950171786885 0.045423351460426 0.0594488409088154 1 1 1 0 1.39173212274909 0.756239363923669 0.179174945922568 0.181657673092559 198
0.0688209592299003 0.0903220624309393 0.0472992731304706 0.168652066688045 0.0738616795951142 0.096746637956525 0.0511366236959903 0.201297143179624 0.134478332807833 0.132574454670457 0.0498959941301708 0.0159248253583176 0 1 1 1 0.973538557533175 0.641095100902021 0.206235908903182 0.033094123005867 199
0.078534674289116 0.0595068770196626 0.16815181520175 0.231995508868316 0.0847130473559999 0.0855106083912604 0.186049385838056 0.139506559516002 0.26769549149468 0.20481580316165 0.116193350157123 0.172810374389139 1 1 1 1 1.24790241103619 0.871999710332602 0.249796278541908 0.345499760471284 200
0.0637945025637634 0.0344248354844972 0.051555784942038 0.139123374986353 0.0721673897310085 0.0367818475581863 0.0560567304039262 0.157886462714957 0.160252743559906 0.05059219597759 0.0108195297902788 0.169212263411349 0 1 1 0 1.85097278701141 0.528937279013917 0.0520892816130072 0.989512429339811 201
0.046308249065583 0.043678557827437 0.050901695242824 0.136105836548253 0.0475500516115172 0.0485165803531843 0.0582629229684976 0.133276516737142 0.228886082011431 0.0383666751498983 0.0139650336446211 0.249829702130898 1 0 1 1 1.58239646442235 0.397302686003968 0.0591805526055396 0.776961137540638 202
0.0111126720791686 0.00474213569498398 0.0956304785395789 0.102177200721573 0.00516631141198855 0.00707124014888901 0.110170026796469 0.0585350488141015 0.200748002755197 0.141386953556643 0.104207922935396 0.079046253051953 1 1 1 1 1.25538257369772 0.796941115288064 0.333101292140782 0.176965203369036 203
0.0674983747164675 0.00326126781362341 0.00873400490740806 0.151967876721871 0.0707088615556281 0.00811123646517684 0.00191630762119447 0.146564040618884 0.213529010510177 0.0392922667991842 0.0145527665363365 0.23370402472265 0 1 1 0 1.71938762860373 0.456801910419017 0.0830688297282904 0.85228689876385 204
0.0549575271455735 0.011499629552049 0.0128175804928661 0.167703344117739 0.0614238216853885 0.0151416330734029 0.00555240099682683 0.16507637293579 0.235828205388888 0.0793475061211631 0.030276703387011 0.208542229703902 1 1 1 0 1.81633643060923 0.909500961424783 0.122209927765653 0.6547176821623 205
0.0449818207160807 0.0917600087285639 0.190151854441038 0.109114301027661 0.0503158765587944 0.0935661966115374 0.199966530374534 0.0210500249960328 0.304327630944072 0.229276227175702 0.091039183871132 0.22888175983808 1 1 1 1 1.15281609119847 0.679867408471182 0.227055517258123 0.377415033057332 216
0.0598600902320874 0.19087641750047 0.173275214477067 0.173799926881563 0.0353741561278477 0.202204649454334 0.190845760952233 0.137504528404168 0.264521825379661 0.0735509834749531 0.0214550434365762 0.266656081840321 1 0 0 1 0.972116743214428 0.23517226986587 0.0623948751017451 0.653171964921057 217
0.101101108201717 0.105441088534754 0.0420417827988878 0.298840933447894 0.102091641651496 0.105412988020322 0.0321672504545943 0.28205350114146 0.180195891232831 0.136642162397323 0.0502510215396854 0.0523228706165109 0 0 1 0 1.38899537175894 0.938933167606592 0.230320752598345 0.179845158243552 218
0.00206743399187491 0.000369327174525717 0.0196157889214324 0.0400618478611248 0.000209459447433954 0.00406715651429836 0.0260678408082774 0.0291291395613426 0.132112003690791 0.110684984002508 0.0267558635582239 0.0362122709823264 1 1 1 1 1.4663161765784 0.878443313529715 0.140916312579066 0.132981326896697 219
0.141465611628968 0.116103925315762 0.0106291046736382 0.301175149204287 0.123791441185337 0.119726936364915 0.0395462357552681 0.267259653660489 0.242116280605585 0.0298184253060715 0.0195057768220496 0.2644189695828 0 0 1 0 1.35554568236694 0.248671068809927 0.0762626677751541 0.73496555024758 220
0.00415392059160845 0.0155405332864729 0.123422209894536 0.158461699751015 0.00392868368226908 0.00338573817700494 0.134494870705677 0.0983710041232202 0.282907774937818 0.194619465226766 0.103912718449767 0.0816025354772625 1 1 1 1 1.1060280376114 0.774330290034413 0.270527693443 0.138484119437635 221
0.0950734318941269 0.0108840651091462 0.0475848082511556 0.195326499102244 0.102443515317375 0.0148451362327271 0.0483342190919454 0.211673991637329 0.211762904369295 0.0537824249182038 0.0479196393721575 0.198829880729049 0 1 1 0 1.89588631968945 0.708557615056634 0.24153565755114 0.956799488980323 222
0.0213254793388421 0.00772838737143706 0.028387043679749 0.0949026596526571 0.0274420563927222 0.0142022690162554 0.0285008217367116 0.0956429527042227 0.183837080706051 0.0680632806039956 0.0677663291894353 0.13266139007142 1 1 1 1 1.81976338336244 0.938762180740014 0.389708815608174 0.567386947339401 223
0.0687625500522568 0.0137942872550551 0.068243025206991 0.132709268069844 0.0495882131432031 0.0048077748509985 0.0672831309649876 0.0955133619152116 0.154785886598739 0.0318524883824201 0.0161601993610132 0.160573354796213 1 1 1 1 0.83203113777563 0.218607596121728 0.0799105186015368 0.452068159822375 224
0.0160894236184409 0.0133822078721867 0.00425493719433638 0.0316263935965282 0.0217541724704533 0.0144834576357197 0.000602560156643782 0.0639835709607433 0.109159716422921 0.0509366879575296 0.0253637396618429 0.0610180919238119 1 1 1 1 0.837685819715261 0.445561016211286 0.169446449261159 0.158804856706411 225
0.0893642237541477 0.0919587435008025 0.0777943994557422 0.0286598957663405 0.0864034661195742 0.0900734712328503 0.0965215699110403 0.0838363917315355 0.173418653595332 0.140476242751143 0.0199256895814605 0.0536945819774341 0 0 1 1 1.00655668321997 0.762241031508893 0.066403582226485 0.10132193681784 226
0.0617353891240171 0.0932508754841944 0.669623085455504 0.285471807708162 0.0915247489534038 0.0478333052374579 0.739508146860434 0.103198261446448 0.278855350868872 0.285240087490214 0.163371973518912 0.0603052523670317 1 1 0 1 0.908536927308887 0.717416331870481 0.205439436249435 0.0808513481169939 227
0.0470926201753004 0.00561590512954776 0.0459140004327161 0.0970210012599125 0.0384344082769592 0.00440124593749422 0.0391243151157475 0.0845998358277647 0.209966324802544 0.0129174148817096 0.0113345508429635 0.221553162570166 1 1 1 1 1.44828481273726 0.252548420568928 0.0846782319713384 0.707542415009812 228
0.00292005275110227 0.00375798882449734 0.00663709662282219 0.0264462094488797 0.00424319506337799 0.00481377737118796 0.00309778881783661 0.00783517125452864 0.167030828250817 0.0505601729581528 0.0245479898812583 0.137176766498446 1 1 1 1 1.33494819235057 0.584868450183421 0.162979480344802 0.411473485641181 229
0.196347198411873 0.0729514007434746 0.0448493425187069 0.432855158734407 0.185910304684933 0.0785657193007629 0.0446663948040018 0.403284373231285 0.214326879516663 0.0716349304073985 0.0336043003404942 0.16638976087792 0 0 1 0 1.8392418762669 0.801497071515769 0.217258434044197 0.73130578850396 230
0.00726161327011904 0.0251929258371501 0.0353796013883724 0.0237673892906867 0.00107796889363889 0.0211016519090243 0.0408609085498694 0.0289834856104694 0.233905595620294 0.0953146908292818 0.0529641370743188 0.174863314819766 1 1 1 1 1.72145139519125 0.823352826060727 0.240905507700518 0.4935855534859 231
0.0350303938541498 0.177626776054964 0.178230766148332 0.193097563069112 0.0323973877958468 0.174189581530166 0.217249701280955 0.176765292360205 0.403535872174252 0.253176805315256 0.121178043024182 0.309776048228957 1 1 1 1 1.45034931367263 0.608633858384565 0.263107093283907 0.711544458055869 232
0.0275985137326573 0.0391556264288119 0.0626548135929342 0.0615290614074006 0.0360950047143838 0.0451550313423109 0.0719563666053284 0.0998678218548018 0.135266864726028 0.0830676606649544 0.0232533333386474 0.0780218273180602 1 1 1 1 1.33685864880681 0.614469251828268 0.113146059215069 0.214217677945271 233
0.0596037184446798 0.0745649884775264 0.13428924235219 0.132928433650149 0.0686258311747776 0.0812980359208771 0.152115201733078 0.182312350969008 0.139053035060924 0.128741382834429 0.0603044702426342 0.0313373285002757 1 1 0 1 1.00324484985322 0.632390009472147 0.240826082648709 0.0664451990742236 234
0.0681315382326593 0.0572055177877627 0.0374769233925039 0.218278758204077 0.0672415427480502 0.0586696270016067 0.031602227227691 0.20394390014109 0.19640589954148 0.105803255266295 0.0145549080202991 0.098132293692528 0 1 1 0 1.57469424372539 0.918568234657869 0.0744686301331967 0.342334853718057 235
0.0433276515107841 0.0366926181610707 0.0381621290354016 0.121571352683886 0.043675375840933 0.0397658039592871 0.0342363786984975 0.106122247869533 0.214118053472737 0.0886672326798879 0.0198408887923195 0.149415228832922 1 1 1 1 1.78813740937039 0.91307457559742 0.101012578234076 0.487633841345087 251
0.0982172537827895 0.0554609564582936 0.014164106016073 0.260051687286061 0.0974817899402159 0.0588843433511835 0.0188578711049274 0.249125115958113 0.191141882033362 0.0853328500003996 0.0440381808425692 0.131321566466193 0 0 1 0 1.92218704707921 0.935765326721594 0.281254440546036 0.573805344756693 252
0.0241610889784378 0.0906825309367058 0.0835557208495157 0.0668035996437317 0.0290589316781488 0.0956750445996358 0.108688869010941 0.111071992402869 0.103032842938894 0.0521174546686181 0.0467120624554518 0.0875753634616848 1 0 1 1 1.2400305615738 0.409042612183839 0.151793584693223 0.216700365999714 253
0.0266062386282005 0.0299705413160434 0.0363721013389586 0.0906633842241478 0.0256702008640041 0.0308628453811248 0.0352198718721273 0.0774866624923702 0.140495835848813 0.0886888436930061 0.0285752755759036 0.0650623577610696 1 1 1 1 1.63544499548152 0.902533745625988 0.199883616063744 0.24738468718715 254
0.114579260587525 0.0835013570205531 0.00473990136165901 0.328423936245864 0.115303275671072 0.0889124614043981 0.00338959868723357 0.30522369422329 0.192616951642084 0.106617327897421 0.0174709477483579 0.0982978495384863 0 0 1 0 1.61720623308793 0.955123517196625 0.0827891586814076 0.368115686113015 255
0.118320850855886 0.171917573555639 0.515894200611029 0.257969127487774 0.115994481858916 0.239299051675058 0.585666950741218 0.215750846622621 0.142592940511844 0.0841747013134797 0.0308322454801824 0.14853707958394 1 1 0 0 0.521806317381561 0.144237740896642 0.0417226436547935 0.395344225689769 256
0.122630142615057 0.117178361780061 0.109018812004477 0.417767693694707 0.130423368855577 0.117997103586303 0.118223957149749 0.565991987104686 0.155149522381611 0.126532831364498 0.0568244486843704 0.0514190639221202 0 1 1 0 0.711853267624974 0.507010634988546 0.182860912987962 0.0638208058662713 257
0.0360709719925948 0.0652591573174547 0.015335746620803 0.115776068051261 0.0398847248491491 0.0763080459307706 0.0263925100239366 0.140877696700091 0.0719869331014702 0.095602592735351 0.0256469827342254 0.0117871215128363 0 1 1 1 1.19542298233137 0.573836805298924 0.116344299167395 0.0366433025337756 258
0.0127478243712735 0.015522660329313 0.0673130994844178 0.0188117128464035 0.0142907721152144 0.0145233175742549 0.0550308949217973 0.000914780487893956 0.264671594451124 0.084173066819922 0.0674688253385081 0.233939731854821 1 1 1 1 1.6240174616687 0.764604459283873 0.288131225388497 0.577654595021158 259
0.0650526503077249 0.0314528188662922 0.0672148102736537 0.146484224974079 0.0627817960547945 0.0314484262957388 0.0514016227352411 0.125910090495885 0.305251754125522 0.0772548727820461 0.0619858570131606 0.244583829196527 1 1 1 1 1.74992245435715 0.876158735016361 0.303989207837731 0.66394605813548 260
0.0058067954374826 0.0103914204453631 0.0256245192516618 0.0386578057503384 0.0153630316697797 0.0183827319076559 0.0315633785569713 0.011570323646603 0.0997073930021988 0.0833039228455217 0.0263985321756687 0.0426162251682526 1 1 1 1 1.12026097625494 0.536073958966881 0.100445128977299 0.12252656230703 271
0.113263431374301 0.069500846197139 0.182969324338701 0.136121531465658 0.119277066796214 0.0956727368676893 0.183032518458848 0.152152802353023 0.281854700294023 0.185659238843518 0.0620971172592594 0.246034793978519 0 1 1 0 1.84327095746994 0.913819298846647 0.138221374480054 0.878319996874779 272
0.0335425842225616 0.0584964873878739 0.0404182953719081 0.139557661637834 0.0391882733422069 0.067328161977703 0.0351881806429625 0.144266885779792 0.110013730413721 0.104572980468063 0.0681691436104472 0.0206368262478879 0 0 1 0 1.52809293754399 0.950500389561057 0.399249396519735 0.0965228015556931 273
0.174449910115417 0.157853923867939 0.000540045364963644 0.682101752869054 0.191325766672259 0.185370183792028 0.0561763855553982 0.655906576160284 0.244435874343392 0.212284276774555 0.0919403469889674 0.0471258418290185 0 0 1 0 1.500050005503 0.997921239351854 0.151887108106166 0.182090602582321 274
0.0307146394338454 0.0132617767409011 0.011457899794238 0.0600672708564625 0.0300872706504189 0.0164490075293429 0.0203275042498396 0.0609527724811757 0.183506705351471 0.0572340128360554 0.0267982766484421 0.165997252258627 1 1 1 1 1.70208816137165 0.719789093127474 0.151584261795506 0.54795736214146 275
0.0275837540217277 0.0252358549135688 0.0446244264583307 0.118534670872254 0.0160273086692253 0.0216157961010691 0.0474599683421806 0.0556494485445497 0.21551074868655 0.167555576276493 0.0533429738841703 0.0565780640306397 1 1 1 1 1.13958943914622 0.778432087274268 0.214409601408988 0.108317112317309 281
0.248352823886944 0.0200058866968169 0.62509636683947 0.809419023097421 0.245828537270271 0.0103701166539245 0.76232959196086 0.728935767231351 0.323014466483014 0.236525310785833 0.103639729221276 0.127936888813986 0 1 0 0 1.58546875836328 0.766697247512639 0.0901324290316552 0.544701796490699 282
0.291623021498921 0.092746318898232 0.111239118419656 0.741383871414069 0.29763489865062 0.110691615672308 0.129991182629744 0.695588446643817 0.218881980370029 0.209009671101566 0.173449483230442 0.104205564793517 0 1 1 0 1.46402684506029 0.906877311412245 0.383161519886926 0.452099466929212 283
0.0823933220576954 0.128714826129357 0.0884803921846021 0.269695600308576 0.0943766900935403 0.14566855826068 0.101204816001022 0.107473945983404 0.189605992960647 0.152609246976913 0.0732692932130247 0.0715155207906835 1 1 1 1 0.722954983823001 0.483353991061449 0.22358331666328 0.142515388317406 284
0.093449137078355 0.426740425445766 0.725114719158269 0.72621690240653 0.0789779136557728 0.430321815473571 0.821872964754052 0.670932299679485 0.395268990091223 0.297933622797461 0.0802016063304297 0.113819955473497 1 0 0 0 0.931502673309296 0.387704362859949 0.0741710066795349 0.313856648746878 285
0.0026403824018016 0.0125638752917602 0.01974921508492 0.000453747640690519 0.00263796403994616 0.0135398588634324 0.0269562431200904 0.00691228189707365 0.0555398092130741 0.00889672771316641 0.00560052599651192 0.0366415657845262 1 1 1 1 1.41005909396335 0.244683145079762 0.0340878223069012 0.168682067422196 291
0.0207939873863008 0.0065211340059241 0.0169226992585838 0.0270030616736618 0.0210634586350042 0.00613255816538799 0.0113500461520914 0.0241588114012421 0.0819427561750228 0.0110449990742891 0.0177761754505161 0.00363672396423605 1 1 1 1 1.57352373283356 0.280302762752399 0.102956929709762 0.0256734718568623 292
0.173737220738728 0.071997747361595 0.431335668489557 0.344257991499756 0.164470451317544 0.0433538640328534 0.452304689402738 0.332080010189141 0.349222079853717 0.250999276336042 0.13200609557453 0.287015991505124 0 1 0 0 1.58305845782161 0.7338429200463 0.200736505445093 0.791931932559237 293
0.0326857869614617 0.0400346097715396 0.0421350902523344 0.0868240069742803 0.030078739921811 0.0294968352989455 0.0614111021244863 0.0151207576119915 0.30156198630485 0.140323694923415 0.0306011040599492 0.174023642339513 1 1 1 1 1.38606266444549 0.802799242548645 0.0877237906679511 0.320161047624424 294
0.00719499400017855 0.146043576548239 0.481840174810134 0.701919573608111 3.73852460639495e-06 0.130403474720124 0.6066734574456 0.534873344499758 0.308688955409658 0.277164260394801 0.0127485647034681 0.0635663576420674 1 1 0 0 0.920055143535137 0.606300436891615 0.0130039346404374 0.13817943376489 295
0.0953559634045927 0.0155838529867164 0.0218766003682456 0.260893522648456 0.0936594213194987 0.018721797279829 0.0102727246808409 0.240608595559768 0.253242798744185 0.0880675146933632 0.0390700995725849 0.198737294884377 0 1 1 0 1.79070469737053 0.89083138667047 0.162868660409003 0.670584966195747 296
0.32360979304453 0.0580167833544292 0.643760020080534 2.34732964384591 0.341049972100708 0.0752068011517972 0.942548274236379 3.99161718110618 0.444465934271396 0.285262586151855 0.0780014944223889 0.225208240227537 0 1 1 0 0.964187714736909 0.769710404565558 0.0440899557434022 0.0390170158352703 297
0.0173442375908637 0.125291697694577 0.244543069332046 0.536537508426419 0.0309897320007655 0.138418096656083 0.256966167357853 0.440873849431408 0.0999855702813603 0.0886220952199336 0.0368645953807694 0.0228985343532407 1 1 0 0 0.503987782634795 0.297510974574834 0.109791579656303 0.0641074627637863 298
0.118855498889558 0.101101414971311 0.0965813238202015 0.352581994305195 0.12162276352496 0.112887033568902 0.0830556033667856 0.323121526129627 0.233262441406371 0.1424336918665 0.0857448254218987 0.115053361028609 0 0 1 0 1.71992877870798 0.962288394104689 0.323554534465075 0.362579485634342 299
0.000823063254167874 0.00305306678069668 0.00720037127034466 0.0201189435207024 0.00816223208373268 0.000785714631693148 0.00865658238065711 0.0153398468796438 0.0673000010995717 0.0221427877272332 0.0190360232222015 0.0671973988242761 1 1 1 1 1.11324390536174 0.352434324100614 0.130861902842298 0.289780315943062 300
