"V1" "V2" "V3" "V4" "V5" "V6" "V7" "V8" "V9" "V10" "V11" "V12" "V13" "V14" "V15" "V16" "V17" "V18" "V19" "V20" "V21"
0.0812323348391434 0.000764093746676418 3.35955888560081e-05 0.168106092947238 0.0774557707327082 0.000979952699732142 0.00015046340411157 0.162303611479643 0.184334934790893 0.00743078359063054 0.00354836619410051 0.192732976088155 1 1 1 1 1.14665266964585 0.309101206250489 0.132272714981809 0.566016362980008 1
0.00134058080019344 0.000595836243105552 0.00163238727851487 0.00185111054756969 0.00130977770717739 0.000539686527786799 0.00143287592951507 0.00167424927183697 0.00743341535294362 0.00278178228480025 0.000217741128473361 0.00300196804060898 1 1 1 1 1.0039397617802 0.326628328999504 0.0247715967707336 0.162711632670835 2
0.139058936481545 0.210071115684377 0.340910027660856 6.28667853537607 0.13035501914776 0.270720575219398 0.376919373679023 23.9157954101317 0.481662348025876 0.331260002917339 0.434982005739728 0.645089390057911 1 0 1 1 1.54005571315065 0.942784613231197 0.36185066960752 0.0127429524436593 3
0.0017708981033482 0.000466270593308596 0.0015222593420309 0.00542363838791962 0.00158449235984497 0.000654480079109557 0.00139806504261573 0.00276816119157346 0.0150238929435761 0.0103352163870233 0.000598834734924419 0.00569412352042309 1 1 1 1 0.701285149902105 0.456748500000685 0.0254929212387651 0.0783239570446312 4
0.0880390303875249 0.00866761255777445 0.00864381134973038 0.171242689735927 0.100744603009437 0.00854405882908864 0.00816464083571135 0.204298469261702 0.269586032757294 0.0102562678774421 0.000602799963253107 0.291707830161861 0 1 1 0 1.33121683495119 0.304883275413886 0.0177239710465074 0.692625114694238 5
0.0882557759625088 0.0187061775743403 0.0102505751514757 0.169558505395251 0.0886171391140923 0.016426001784346 0.00920965959357814 0.165617184017885 0.247857148988782 0.0304366985040044 0.00763841415118682 0.241218230068362 0 1 1 0 1.79029444232583 0.684289930388331 0.149843604303896 0.869767326395959 6
0.0321168459477927 0.0282051621970056 0.0772992416817564 0.0793285130461833 0.00838627355389796 0.024247966793135 0.0794649476673076 0.0343590651818092 0.35166658662525 0.107157758114021 0.0193059061273384 0.359029985971537 1 1 1 1 1.14349149307236 0.536283893976361 0.0915618345607072 0.524219667539001 7
0.0308957747500181 0.00462488703597913 0.00645794740528391 0.0696767582012149 0.0327060174846419 0.00516749385882517 0.00593316778804628 0.0836835786827442 0.228076292204228 0.0187247190785513 0.00755699946941929 0.233448015334449 1 1 1 1 1.56050599738955 0.637203397462144 0.233300005318597 0.668867945903912 8
0.0764967193337649 0.00389761973180683 0.00107456675925692 0.277563024803211 0.108993927710686 0.00393538152229354 0.0014815861520345 0.365476843073255 0.208308440499974 0.00718168009784881 0.000958055988757867 0.242087093507545 0 1 1 0 1.07441852940246 0.26117097097449 0.0339893251657486 0.349979129619896 9
0.0502834608088295 1.53829839765561e-05 0.0034010389686812 0.138952574894996 0.0553691305278724 0.000280111240041337 0.00337274425816958 0.153416687282067 0.116017757090719 0.00478419451153816 0.000696239765205824 0.126163444768212 1 1 1 1 1.06817620107904 0.28374484134838 0.0390948338899761 0.405133123509586 10
0.140111691560205 0.0265989016090376 0.1102087522161 1.23067713219656 0.15772834386241 0.030700536773544 0.128644475089675 2.02994584537643 0.142016900125385 0.109991152036284 0.0237599884395943 0.0816059557679875 0 1 1 0 0.513322463724762 0.415628093760461 0.0779313575476408 0.0305227264761925 11
0.0332185875273954 0.00228320520662887 0.00223051813595103 0.111343496405347 0.0414834518920023 0.00183477843802996 0.00166409452411503 0.131070831050989 0.0936162273434649 0.00353067919208311 0.0013300229283619 0.109189798655753 0 1 1 0 1.25396963302046 0.259086672216654 0.0873338542878628 0.453100867336616 12
0.00060783731073361 0.000199903202812218 0.00154425893403032 0.00198031618264777 0.000365151187743651 6.97715276300859e-05 0.00143506653957576 0.00157205559549856 0.0174184400059698 0.0074477387334303 0.00101857563224073 0.0111810384900305 1 1 1 1 1.28867208724841 0.56205772398971 0.0713672018609941 0.313750441418961 13
0.0956926285975158 0.00411753246640539 1.87940120117562e-06 0.203213749382285 0.0945718551639897 0.00350401615418448 0.000705239018151112 0.197228507650935 0.180953059599654 0.0204338665853625 0.00568808267398957 0.177151509538437 0 1 1 0 1.99554483033717 0.776968540856615 0.201026257826015 0.966969619970769 14
0.0506999094485684 0.00184972003183703 0.0021058883621807 0.129620410780724 0.0604789055716176 0.0020472411628752 0.00167595581733772 0.145174728052839 0.224559885914609 0.0137210656787681 0.00407206163214857 0.236283256642855 1 1 1 1 1.45113623607904 0.517861147643998 0.144224777352065 0.605628827819601 15
0.0424951858646428 0.0243297053085685 0.0078996566821847 0.0695590150866389 0.0467488740385085 0.0228052129784184 0.00370253989808607 0.0767812559878647 0.272382506703575 0.0674035057141806 0.029051091904432 0.263673646484373 1 1 1 1 1.77554774377495 0.910309325205162 0.332796147791669 0.74725797213614 16
0.0918878616505198 0.00602197973177354 0.00169020528533338 0.191587001828052 0.095879817914706 0.00508685301970284 0.00147441236088257 0.194364952135403 0.192038659529656 0.022905135248374 0.0028635801207693 0.189018986691866 0 1 1 0 1.99290022393689 0.811510586645454 0.0934409152250737 0.969843920785934 17
0.0331483029830685 0.0218628320651713 0.0149687546548753 0.0588349527018178 0.0505828546674601 0.0204775089038573 0.0145925117826302 0.134709738389077 0.115121619837009 0.0363478070068428 0.0128939552049504 0.086194413239412 1 1 1 1 1.12181222438812 0.652303830254823 0.215611922554672 0.297541262814775 18
0.0791149391619967 0.00996241295741104 0.00702656787400696 0.207478897409093 0.105682859694254 0.00884624052750139 0.00708190542603704 0.296777229647096 0.276934041384981 0.0277353525581472 0.0116387921550496 0.272377164166407 0 1 1 0 1.39790877746418 0.711442576022819 0.272970167221501 0.492779911495745 19
0.0444309191580679 0.0450463065858531 0.0410596158903408 0.0292636774163904 0.0476295071268134 0.0483178016624848 0.0360581296082845 0.0307440881506329 0.109049109389325 0.0713880717442051 0.0239700833648412 0.0413511549941906 0 0 1 1 1.49513221206143 0.969297251896933 0.276013411115855 0.208839517552406 20
0.0913867951484859 0.0404916092522644 0.0196276988733094 0.234911646663171 0.144644488581654 0.0360639815322799 0.0180225479298186 0.463635442126569 0.192533363229995 0.0327881478472662 0.00648101500807502 0.175304937019231 0 0 1 0 1.05361191835254 0.57580360583961 0.0995876919478178 0.290397075936198 21
0.00121727269483393 0.000700042141480106 0.00182428106456884 0.000589408313767541 0.000856882407757547 0.000503082649191096 0.00206471534390613 0.000448552708241359 0.00756441238051464 0.00289465234505976 0.000312124916789766 0.00368811874654082 1 1 1 1 0.954917162191123 0.356173918116838 0.0360350233968347 0.189678232418373 22
0.0758308770083928 0.0264308215621615 0.00632922536631528 0.150188678281216 0.0798324977756495 0.0251789910268002 0.0038502204466362 0.147902432031101 0.229996282989618 0.0431168614238191 0.0189198655888025 0.208044903049898 0 0 1 0 1.90559195447713 0.899211432784796 0.296899850713089 0.858766416320577 23
0.0586713456562643 0.0267974094881067 0.0211751622885557 0.114149253527228 0.0503469640745693 0.0213506705181338 0.0165307107289601 0.0937473080401968 0.18188241659972 0.0153887765145658 0.0056444152828844 0.189874024208091 1 0 1 1 1.44636415783316 0.339705681428313 0.107949075521901 0.65327877108939 24
0.0216164058276022 0.0247354410951672 0.0172248862961471 0.0574072393088806 0.0323867866669813 0.0208357619970271 0.0145548501129651 0.0924987855280646 0.249381695862955 0.0173992740765997 0.00591453585627183 0.259109897912074 1 1 1 1 1.32452690880746 0.388966808328405 0.108819713583216 0.56022155075334 25
0.0265449076208922 0.00380753567861195 0.00267076885609064 0.0635294754543597 0.0277822296519099 0.00334669483695648 0.00260272189616396 0.0670163244295479 0.204623182906493 0.0148511908257883 0.00148457026798313 0.217207061900824 1 1 1 1 1.62347775837407 0.581902888603508 0.0563015448860824 0.706641011638567 26
0.0562421675041003 0.0152464284278253 0.0304180150146882 0.454628123699838 0.0580157587194352 0.0152738351836366 0.025628170662704 0.502629382862041 0.349232617069535 0.109365660366884 0.0403487947759221 0.231495749631041 1 1 1 0 1.53594088042155 0.81922329030931 0.305421998491511 0.338864039396867 27
0.0162411601407067 0.0156608151386744 0.012238003479636 0.00704900938776079 0.014723753842106 0.0139610323589486 0.010934089993418 0.003740233726743 0.0432859794018956 0.0348491722179972 0.00997888609519204 0.00729048078886782 1 1 1 1 1.15449209976941 0.887741309823468 0.262252214364707 0.0839636714663357 28
0.0634833101182667 0.0175387074852274 0.123971122889529 0.0998894768596398 0.061745036816215 0.00717420226105141 0.163228404322412 0.0988918758210485 0.320432660044392 0.245252328867648 0.107276994796797 0.318591192258926 1 1 1 1 1.33023223374039 0.746596497716382 0.208682954544201 0.583391360472888 29
0.000570747314931168 0.00255392032124682 0.00147887599382067 0.0167095256513356 0.000559824674076694 0.00270916727906091 0.00147496835261885 0.00627160286338896 0.0656672637718974 0.029414968217485 0.00689065587652615 0.0409653586568804 1 1 1 1 1.33386314334348 0.872996591031551 0.203180402750149 0.30182553594932 30
0.328668156958074 0.00438330596559954 0.00635438774655397 1.23911350441798 0.374884258482761 4.09372193121813e-05 0.00586775027153416 1.42361978895366 0.381938285099485 0.0215811240427624 0.0069766553738448 0.389080738817856 0 1 1 0 0.688756848219782 0.274017054587603 0.0872250210959464 0.193582792533562 31
0.00491344687250738 0.00484425708765532 0.00355994726061015 0.00294362816453287 0.00475041417291151 0.00456169055780745 0.00293319698645886 0.00367171187495052 0.0293989804715673 0.0143225458769898 0.00434056382977033 0.0143791881711255 1 1 1 1 1.29387468472123 0.575448069022968 0.175699963932857 0.262439309619367 32
0.0167933519052902 0.00718267712528324 0.0144636462573208 0.0725350846801644 0.0171364069098966 0.00597465144265129 0.0119527204737701 0.0789806308217303 0.154656520575172 0.0413097173558206 0.000762081658204426 0.127043873030727 1 1 1 1 1.75933794490993 0.813062491128221 0.0136818464379758 0.553855386795476 33
0.14371702935134 0.0245351102674773 0.0183729071914859 0.463616156456005 0.153749102527136 0.0188654861625944 0.0131997412647792 0.494511230062772 0.323181559587875 0.0313042463072893 0.0133510613647162 0.322987733352675 0 1 1 0 1.16705680824816 0.476208231644705 0.181993168545887 0.41035085869953 34
0.00261758534107903 0.00344628070668684 0.00486647661743482 0.00701972513480152 0.00215271018735876 0.00330278334871499 0.00393550514578109 0.00637108692664504 0.0232754577636909 0.014278423420133 0.0012170593961047 0.00592694562442145 1 1 1 1 1.17711958056316 0.644914431497455 0.0495403523091227 0.143317127134651 35
0.0256995160423993 0.0485237636226709 0.0301649345309825 0.0112163550422222 0.0350429197272555 0.0436365653237003 0.0244383965330417 0.0242199273720499 0.318481149922955 0.0673463141138925 0.0253326920507321 0.289731701508977 1 0 1 1 1.68119246279821 0.769982621539384 0.222718141041696 0.688786606071517 36
0.0586768239173593 0.0102489799164299 0.0104604042085315 0.122502282353454 0.0440846815364693 0.00776983953921663 0.00913785034901805 0.0875341172473058 0.18073284115145 0.0210744424974431 0.00913396998446206 0.190916696128847 1 1 1 1 1.64126262674108 0.619784055510536 0.251746017718688 0.749476840021089 37
0.000864400740310891 0.000560639634941319 0.0096318220605752 0.0200187707026717 0.000948016298183996 0.000903075390337393 0.00985986054717074 0.0182812167139297 0.029068761846149 0.0141988722231321 0.000254586761038103 0.0160252933885555 1 1 1 1 0.992088751867414 0.57340398314409 0.0101286671124399 0.198892145883292 38
0.0784321104950926 0.00241879035489249 0.000152009493953151 0.173054595434783 0.0745182698284631 0.00227892927191297 0.000351365017850603 0.166058239303771 0.234705168455565 0.0125228892262886 0.00528980777173593 0.242637998922606 0 1 1 0 1.76681672409177 0.479268473107368 0.193412908585742 0.854545774869621 39
0.0302161250876255 0.0122243668721349 0.0124024567891222 0.0645343847717041 0.0559315116858815 0.00969646377450726 0.0114289672990353 0.121271328587661 0.252680205104302 0.0150561805145122 0.00509175013908356 0.267345619761342 1 1 1 1 1.54564368957654 0.386336194816977 0.126319787232205 0.807476628338918 40
0.0501151415594212 0.000793551342246213 0.00430102699252703 0.128354857887767 0.0572069955460006 0.000595339908495584 0.00443706193543459 0.14958102275301 0.218172614997654 0.0240939502342545 0.00101920592084281 0.208680196741916 1 1 1 1 1.59618093259633 0.745609080651775 0.0292485177051276 0.627908543683589 41
0.000323154387863986 0.000438419271968 0.000628938558464989 0.00230159686197168 0.000138743123792088 0.000693425940405243 0.000575614122571546 0.00246091422421081 0.0331951142904912 0.0125486874369216 0.00357550196879339 0.0233731683877554 1 1 1 1 1.80037733260542 0.866887699812651 0.227296380093321 0.50001604296267 42
0.178075202286317 0.01970119623019 0.015422439543988 0.799366407175729 0.21848558739624 0.0111006451743148 0.00983787968057244 0.993255138723353 0.370762988883041 0.0729281103069598 0.0171507678714414 0.365493814920173 0 1 1 0 0.917455810587853 0.568465084536001 0.130019178846851 0.214686037972569 43
0.0395234471710545 0.00680740987570941 0.000208234768985759 0.135206662381129 0.0698155058122803 0.00566051474598634 0.000771762802450019 0.240131343205653 0.208020653019033 0.0367496900023996 0.0117436438798587 0.187356432186653 1 1 1 1 1.42569329869002 0.609800279606134 0.20088469539769 0.445968879153952 44
0.0772872477390183 0.0285091914110521 0.0197227744292735 0.13505232408298 0.130655596998709 0.023698520006872 0.0180726263188589 0.247379203865546 0.449838541230346 0.0193317350979351 0.00670948784867156 0.487008533518238 0 1 1 0 1.65019747801125 0.363643967080861 0.119411256629974 0.937808546470478 45
0.0317321233311456 0.00729304949366908 0.00738274032997253 0.0818556067398297 0.0262928120228254 0.00566557537383343 0.00550248264036919 0.0623555234865068 0.217360687535286 0.0246610525116766 0.00317469612170246 0.21445740879587 1 1 1 1 1.78900625696406 0.717816187534481 0.0812688719015568 0.786931170150638 46
0.126803119050195 0.00342004937654823 0.00487494109162557 0.243081116716564 0.119057901032559 0.0047461113071871 0.00617586267577724 0.239266615587627 0.257859669340562 0.0100936601079795 0.00118190711697876 0.280384514843997 0 1 1 0 1.42885018093511 0.269676957046613 0.0272253048606217 0.729943894781172 47
0.00141897640270948 0.00288184856384276 0.00330934127271546 0.00312286791227963 0.00295941811405904 0.00322581738370581 0.00324043217767697 0.00377547764126233 0.0364939389870935 0.0130493555068197 0.00125888579573648 0.0266084713695178 1 1 1 1 1.96896930364892 0.975077951094136 0.0839453472290188 0.565432354342192 48
0.00717239863733161 0.00234347025135127 0.00444823385118173 0.00221403017938587 0.00642694188189669 0.0024634313846998 0.00448740978962372 0.0018750359331487 0.023830925015879 0.00231309353164816 0.000296852284730226 0.000285997914165489 1 1 1 1 1.51161306584254 0.290656073018909 0.0330888901371509 0.0330038003157824 49
0.0370558576236081 0.00173692792317086 0.00126183016942369 0.0792504516463153 0.0351461430852434 0.00256251005806902 0.00159306378498556 0.0728830650969891 0.20037571892756 0.0175297527651114 0.00251999509651765 0.19807111326594 1 1 1 1 1.70857795840129 0.686871864832938 0.0787511875387281 0.805885064415634 50
0.102140944637201 0.073960273427634 0.045032251415176 0.254492128676228 0.109215391997761 0.0670290069705917 0.0417723494556214 0.283963873293057 0.319547316344909 0.116376829650036 0.0274988776333028 0.342304978148607 0 1 1 0 1.75077651347965 0.786248719086871 0.175236573442817 0.887656368780881 51
0.0127806533921675 0.00758028403771188 0.00165282223714827 0.0197893323457489 0.00478810983447135 0.00716056334395807 0.00297624820867775 0.00356065848429853 0.234899142155584 0.0201038268775281 0.00898871750420113 0.237343467417886 1 1 1 1 1.4147145729512 0.573537597432733 0.20333709823899 0.659218210494146 52
0.360837475798084 0.0187583470899905 0.014539086232852 1.24608526026961 0.292704288114841 0.0170021996574393 0.0116701281039897 0.996534060792744 0.440941099713976 0.0185316413270135 0.00358933876752317 0.485503234461709 0 1 1 0 1.08593318285421 0.375244610244408 0.0723631745204329 0.329942008014768 53
0.00266025406038952 0.0326196366549549 0.0252261398524494 0.0223428927799465 0.00606535287051774 0.0255013692997991 0.020702213840941 0.0260692612300093 0.247075730621743 0.0633130168189209 0.0317904434274351 0.212115369048228 1 1 1 1 1.74631665181369 0.868610889883712 0.36691697104834 0.628229703987017 54
0.000475380495696925 0.00015144825554202 0.00230908236074888 0.00536190496123447 0.000533046085747342 3.27985848480047e-05 0.00249082935885232 0.00506734941134871 0.0214347684765148 0.0146222421859807 0.00261038658219095 0.00478954810054646 1 1 1 1 1.39903084049001 0.873160670045763 0.142407559324056 0.148372888099402 55
0.192108654639916 0.0141710083453607 0.0195958685057767 0.312720580533656 0.180784734764588 0.0161503747906152 0.0197435993942553 0.290913477448018 0.373440980827836 0.0294159573468442 0.0143834325230535 0.377043436901722 0 1 1 0 1.17869538674131 0.318340430734679 0.144795483443886 0.747729661874473 61
0.000938946791831279 0.000617205477681959 0.0026062462344559 0.00279126764506835 0.000497911096448212 0.000902010951683781 0.00240284109441341 0.00276380279246482 0.0309143912064187 0.0204067411760288 0.00428185328999336 0.00778069329798894 1 1 1 1 1.64083431707695 0.948316963855177 0.198992298683152 0.20256760623306 62
0.0355599053031251 0.00406404160258217 0.00270351623372619 0.0854116839527509 0.0418942230926441 0.00359763558152563 0.00242885797233908 0.106240311554574 0.161259021345663 0.00620029744127493 0.00267162069715808 0.175503613940864 1 1 1 1 1.47708100220188 0.304484145017341 0.117663246812299 0.675865403143689 63
0.0742380370084284 0.00483107034267168 0.00222723053215318 0.229571774512889 0.103000068650835 0.00486954016948359 0.00244764217966167 0.322710431032772 0.279010053601022 0.0141164539877964 0.00574185689384873 0.291585420747084 0 1 1 0 1.43330241367221 0.469880353892222 0.180123190395534 0.490995169617236 64
0.19675358425491 0.0120613923850718 0.00433781228834056 0.298780717429665 0.203083064211528 0.0120752417732175 0.00126949626761798 0.31916462990687 0.261690910320791 0.0141662675957571 0.00298911377702944 0.271930543104975 0 1 1 0 1.16290254564956 0.183706197654828 0.0405289616901428 0.704619693337008 65
0.0061726872201821 0.00288159197295593 0.00192826305427547 0.0033364192235524 0.00571700825678326 0.00252626779686433 0.001436432698 0.00268137198377606 0.0141555065911039 0.00496266308045101 0.00215432323229148 0.00671447782600623 0 1 1 1 1.27151663508266 0.338516823248938 0.14444093266502 0.247696628328413 76
0.00710978542899066 0.00833879557673562 0.00942807228187491 0.00335293430405864 0.00582843378477727 0.00697321800568787 0.00850704332821804 0.00235143853158254 0.0385237630189332 0.0214012995576073 0.0081978456341113 0.018763102039656 1 1 1 1 1.07897741766647 0.68392857327126 0.267426738515496 0.201299786102027 77
0.0642244392383019 0.00649122973240234 0.00257592744675287 0.176132954607647 0.0598080723589105 0.00356516104733051 0.000407461220373526 0.14797471340543 0.34509947492827 0.0838327275292379 0.0390795445456522 0.338915995105833 1 1 1 1 1.60210255673155 0.830231344792992 0.367578281089664 0.664878014242277 78
0.0144187425543186 0.0139307981677077 0.0180238510768869 0.016124949265409 0.0140386023592264 0.0128026729855109 0.0179072864988647 0.0179798885173362 0.0674008473739847 0.03308861898119 0.00128720050147865 0.0378717405983674 1 1 0 1 1.4811228341423 0.933115994557738 0.0391989876516163 0.317262266762555 79
0.00371568086059143 0.00330564725020506 0.00156047424123551 0.00119761414265318 0.00356118200539341 0.00291587611775846 0.00143840183477959 0.00116893416610363 0.0307283567016183 0.0201965614965773 0.00811054456141164 0.0108180938666345 1 1 1 1 1.1059691645205 0.764175681630149 0.323051849845797 0.158664148533717 80
0.000967853948457176 0.00221870354371324 0.00904295432191223 0.00188133135345138 0.002329200423878 0.00360646920660974 0.00896925777546063 0.00146579016599241 0.0374476814359612 0.029785020730444 0.00212488020218192 0.00746372951685087 1 1 1 1 1.27792575443164 0.966991814319044 0.0654663851018995 0.101655689999461 81
0.0101909323445375 0.0186571718602774 0.0122522866204281 0.00690254192111464 0.0059881670940907 0.0211721902861372 0.00975935225671313 0.0249378139286432 0.192151327802005 0.0359547805985502 0.00722833418264646 0.178355582577846 1 0 1 1 1.77187600219622 0.980679680593312 0.134610302280635 0.602341853315011 82
0.0745332799790884 0.00369338543157183 0.00742404231024217 0.280343130010407 0.102571318186598 0.00314599656426488 0.00634406352834924 0.350923658625013 0.226856422809559 0.00673986017442041 0.00031083352065046 0.271088596368985 0 1 1 1 1.19855506764725 0.246586051536724 0.0100741644855589 0.383762477431446 83
0.0557321361200869 0.00147358383209961 0.000784525984738129 0.121744463220773 0.0528768636042365 0.00116913365084954 0.00048086749109054 0.117560161445011 0.114902796950177 0.00430619843002555 0.000526013091360935 0.119730620103457 0 1 1 0 1.09902399824932 0.273382934974506 0.0293370082508773 0.509707205928862 84
0.191102406991127 0.0421745086601131 0.0242197320585102 0.806585723335336 0.248988271480578 0.0568316066542825 0.0585713479035375 1.69887406363145 0.263386826695396 0.183417782330611 0.0819333260302407 0.219546111815045 0 1 1 1 0.681999451015145 0.524251558119431 0.239508895669132 0.0809701525140554 85
4.1196510085185e-05 0.000700522863083941 0.000316190270080837 0.000154943582945055 0.000199349715538311 0.000567427267955026 0.000414778515240695 0.000166375143175393 0.0140717212853596 0.00168082348971721 9.69238491754978e-05 0.00124929177330016 1 1 1 1 1.42299400363117 0.259661698713899 0.0134647584054619 0.1624670852907 86
0.041891295800558 0.103717560942031 0.0993467433072607 0.333897806561138 0.0275878299881548 0.115068716610225 0.0880246848101061 0.478799994337007 0.224307679270561 0.154326450341037 0.0554088219697231 0.204167127629074 1 0 1 1 1.19886562693864 0.96049494901672 0.210728319361806 0.182071308372542 87
0.0088509627073724 0.0849526429038949 0.0558445556891733 0.034950650504868 0.0057646511673139 0.0781309245216916 0.0506860292354038 0.0646657658889667 0.145142488532271 0.0366888321675987 0.0111213629286833 0.162892492959166 1 0 0 1 1.56535166269168 0.524979378096759 0.118019520770758 0.90673198364675 88
0.00513689931234519 0.184923516515996 0.196565294501312 0.326000698887929 0.00224987303472514 0.201149995229382 0.226636006716127 0.262727126105827 0.262030201185987 0.198966290283186 0.0687933981168454 0.199731898753883 1 1 1 0 0.88625013269484 0.446366888703778 0.148047736380249 0.432289927499369 89
0.00493809383204841 0.000332775420869486 0.00037328287115436 0.0120900672947086 0.00591619386542818 0.000519439447516142 3.93399318633405e-05 0.0163714271675712 0.103481111937461 0.01527852052148 0.00344434218434436 0.0972152809724341 1 1 1 1 1.86671740468591 0.753209598362446 0.167453079251572 0.704245692817494 90
0.00229398564355741 0.00286047429943613 0.00342212160405309 0.00347313290168286 0.00226243224291367 0.00250784998668814 0.00374169403608882 0.00402144723454497 0.0310409547330734 0.0198882487977441 0.00484424973404926 0.00615193812956238 1 1 1 1 1.65605641435832 0.964752489235252 0.225094461813569 0.180579631822184 91
0.00149246184163127 2.18618898308587e-05 0.00077125009050413 9.36684433239986e-05 0.00106721269230913 0.000191371685217063 0.000551158986951913 0.000120256966195475 0.0160595963546921 0.00151662726672974 0.000575195116853125 0.000548067940285335 1 1 1 1 1.59303466742858 0.269808508688584 0.10133135644719 0.0929480462800711 92
0.152102910270606 0.0339277706836347 0.0562889432564839 0.23412248206174 0.159813322427202 0.0327651196798158 0.0521991744301787 0.251089254650712 0.310120357676491 0.0381895945059573 0.00314100331033004 0.328070648905441 0 1 1 0 1.28797213267535 0.3027829087805 0.0263984987977892 0.900887617375702 93
0.0124542404959662 0.00442010268824292 0.00219473114515278 0.0325244324951295 0.00996654988333319 0.00450737939164936 0.00267069249114463 0.0254885736220371 0.158287516559455 0.00795816122644727 0.00256959918648418 0.17027062143422 1 1 1 1 1.56368562486023 0.402162624290213 0.120756253134459 0.675922867609188 94
0.207260584753124 0.00077923069503766 0.00139442072954347 0.364942208364193 0.186577231965495 0.000983745652404476 0.000945668788057299 0.323362783479879 0.312182559847471 0.0163560009171611 0.000916700972772085 0.322235432056178 0 1 1 0 1.28920260863379 0.365261931205168 0.0161844259127975 0.740825419314206 95
0.0712005647516068 0.00399640604951567 0.00628669617008393 0.141135490686305 0.0689096574109238 0.00317627903443244 0.0063912288359067 0.130863767402184 0.273274864023565 0.0165017212257163 0.00427986624359956 0.281817692962645 1 1 1 1 1.02984096249565 0.378520963713527 0.0850180946290493 0.509817961137742 96
0.124764809259588 0.0711097563790612 0.0598907192166837 0.182020381152497 0.127606732478545 0.0605270851546273 0.0576370353509545 0.200412851351213 0.315196470261844 0.0478285598544892 0.00590144162306443 0.245284524954335 0 0 0 0 1.80826173443347 0.45680502965115 0.0636956105008721 0.890211947029456 97
0.00135787646425871 0.000233153988723063 0.00363464330411917 0.00443782995964199 0.00150595883757828 0.000268575919522302 0.00394163142049186 0.00316005086888925 0.027976411139033 0.00947105160494111 0.00177963132814341 0.0232575798743204 1 1 1 1 1.46824479103088 0.648094429867342 0.120551144005731 0.435484500369057 98
0.0473824304806459 0.0478040195169541 0.0361171143999749 0.00178602057242363 0.0486560506309369 0.0517051219177208 0.0333852053135821 0.00695768730524028 0.0966814302483532 0.0547658252527848 0.00859335984682985 0.0550517823651314 0 0 1 1 1.47360026603565 0.987892950186506 0.103742103092372 0.241834082407877 99
0.124291143598811 0.0178840920554957 0.0142943006405189 0.662083874919816 0.15754007575148 0.0113004418266309 0.0105307628089699 0.956451414989177 0.383575546398252 0.10763653021097 0.0125739552008162 0.362760779746019 1 1 1 0 1.15167446900159 0.823573026806116 0.0906598328147084 0.205427017761394 100
0.0300362601459385 0.0522582607059181 0.0362596946488818 0.0155814522041977 0.0226644729045173 0.0489132838408596 0.0353053645940706 0.0116725581832832 0.307504132572 0.0810050626412773 0.0207970438358787 0.323463011609913 1 1 1 1 1.52716022077948 0.737695465795696 0.163626953260973 0.696092047262937 101
0.00222439056038079 0.00508439660020887 0.0054155093530322 0.0168614777628461 0.00397845461239894 0.00761109479836968 0.00577498698822321 0.0222072762244195 0.0452294892787541 0.0213859449504968 0.00964766428876751 0.0332300253098408 1 1 1 1 1.63577365968376 0.986487993504852 0.383424478117377 0.388243217486888 102
0.00447305043331664 0.000211151776475796 0.00280786623898293 0.028497262085263 0.00496310306885623 0.000339020831450243 0.00229854602953578 0.0314548496782691 0.0534873437409868 0.0205911817367936 0.00416947973048615 0.0366920907418826 1 1 1 1 1.46793189179152 0.842703562229872 0.161054811673239 0.388288215966895 103
0.00563294953382846 0.000559319844560096 0.00343891884485243 0.0225538814537441 0.0116191326468953 6.94171270657582e-05 0.00157705827991298 0.0305424335540673 0.189818841560776 0.0292594334616499 0.0128924400405217 0.181704098927341 1 1 1 1 1.83091538213193 0.862672008341178 0.3240014645271 0.786945214029402 104
0.144892641523974 0.032892032128774 0.0226885990565346 0.401768918806929 0.119875338895776 0.0312874559114562 0.0231304349473834 0.328528228802818 0.350334032968068 0.109114887427571 0.0137860732738026 0.356838476725218 0 1 1 0 1.39914635382593 0.708692834945396 0.0941834254190326 0.600150750251487 105
0.0396518249097331 0.00563537812311211 0.00279296494095419 0.105192236806902 0.0485418970948669 0.00552763292708194 0.00461702956584087 0.142576902553041 0.204683042041304 0.0418409289158224 0.0128914947944326 0.175044135691706 1 1 1 1 1.57524196291342 0.817474620649591 0.25572235416621 0.518341111019254 136
0.0911309908595563 0.0284437094252858 0.019064267359674 0.217970199136498 0.133704223576908 0.0246612196715803 0.0224230091809751 0.324893019881308 0.35598060181583 0.0728344958381675 0.015769189538645 0.372302754744351 1 1 1 1 0.939082272816449 0.512905430281535 0.102034887066111 0.336192601360381 137
0.0320024124779867 0.0047448885869103 0.00304134447554396 0.0776404208812225 0.0327896459160007 0.0037149433846712 0.00308290198915456 0.082318481969358 0.198127145997082 0.0160630148915857 0.0066329875172037 0.197328131596424 1 1 1 1 1.74703015293926 0.655755027430132 0.244433786021546 0.735368025489151 138
0.0001875226667178 0.00124559491411536 0.000972951220135812 0.00525213634674886 7.64689827472058e-05 0.00134914072775782 0.000710968126285845 0.00516409172450143 0.0215547183984621 0.0142316261987478 0.00341328504332752 0.00463111380528605 1 1 1 1 1.55536133330315 0.923002098221332 0.217502195155248 0.16478222515434 139
0.0173185697639824 0.0157110493568664 0.0132004692244284 0.00093424102633671 0.0169386919468526 0.0151866932597766 0.0121296976171341 0.0030266744278 0.0549892118576274 0.039081838914218 0.0153858644125668 0.00759922780499932 1 1 1 1 1.53820656752214 0.965009984793141 0.374760367209092 0.106090806890279 140
0.000214578161754675 0.00120564427178851 0.0029844732795149 0.0045248798653421 0.000187797888761953 0.00108135208064243 0.00289988859622073 0.00471031256665638 0.0159874473729222 0.0108034944438948 0.00313687646735222 0.00184164749666836 1 1 1 1 1.42434225184843 0.802161605563015 0.235966319683939 0.0890944460406899 141
0.522296480579987 0.0130982045351509 0.0150352646311694 2.33464100546429 0.392010748082743 0.0150293901782159 0.0157854105296418 1.68322214757923 0.511470616167807 0.014979587780872 0.00295229128038065 0.570810310606662 0 1 1 0 0.840781179256737 0.232541934354231 0.0478695291094482 0.209006621036679 142
0.00181237526558851 0.00153246359194969 0.00289853017358386 0.00440223667285997 0.00208771955575705 0.00142155686363642 0.00264277849376563 0.00576307502484472 0.0101067900413173 0.00393063499335833 0.00115483810276351 0.0023977175317295 1 1 1 1 0.986797175835818 0.429446791298687 0.126605201978236 0.0880732778459787 143
0.00143974571840164 0.00169111225261862 0.00285658454699901 0.00181989398163341 0.00108076958823414 0.00127910160605592 0.00302648485468203 0.00121055167792387 0.017350943197725 0.011162231085056 0.00228483911156044 0.00308952354876804 1 1 1 1 1.39671241957694 0.801504180300981 0.154004799202085 0.132380713243037 144
0.00384278046420091 0.00132756696484691 0.000424601810154738 0.0040638213626974 0.00320311503806374 0.00136416738304301 0.000225790417501167 0.00380440987528083 0.0175167630012527 0.0109745589654773 0.00236994265523613 0.00422792128785299 1 1 1 1 1.26962660672143 0.704531797673553 0.138853709679097 0.145007730461657 145
0.175615581816575 0.0212510954261127 0.0122335199574876 0.769910028147108 0.208556674145804 0.0203415737277837 0.00302465156794015 0.994944597181326 0.421347228192487 0.0788954403336503 0.0312704296593843 0.345764551479057 1 1 1 0 1.064552038908 0.577023763908073 0.22346173110418 0.245023691095412 146
0.00145453105345992 0.00113562653082564 0.000903338276734962 0.000618280011230811 0.00140714562458094 0.00102533078398608 0.000759232623161197 0.000689388123391461 0.00792722353348263 0.00496293759530098 0.000501572324623299 0.00299145534111636 1 1 1 1 0.750818411353976 0.406815295806155 0.0401492703240365 0.098647567210719 147
0.0414961263661827 0.0893128149986905 0.0437216469749162 0.139281864037231 0.010556332674295 0.0958638092188359 0.0434657908429904 0.284450277261458 0.305474288904873 0.111679084283332 0.0649838661308826 0.319063609255944 1 0 1 1 1.3584800651297 0.980644116410986 0.385580960428342 0.292845429154113 148
0.00342634681118457 0.000625386229894187 5.95066612873477e-06 0.001021624085044 0.00314426324517312 0.000445129966899761 0.000279727088995528 0.000912074320253198 0.013542535384707 0.00263419723224628 0.000825650630941269 0.000559609562311165 1 1 1 1 1.36884180223569 0.330096299760044 0.101329211844131 0.0603596139699221 149
0.0229179230717809 0.00833640668832654 0.0094453714884848 0.0428399475428747 0.0242818731526868 0.00795938516598963 0.0083275716321883 0.0456686718880243 0.16483004401072 0.0167298307867962 0.00165648643781898 0.170263151922767 1 1 1 1 1.86440014280379 0.651545585133135 0.0615028149913996 0.818934508832172 150
0.0669920987287532 0.0162806889935131 0.0134272905817964 0.188637747035372 0.116451418082915 0.0157488676670478 0.0119861356610109 0.355986175437355 0.32560282995677 0.0207479584759669 0.004811792413089 0.345508958677462 0 1 1 1 1.38163592340425 0.527611131314188 0.117403786629438 0.448260172270238 151
0.00445780410453241 0.00166806237390315 0.00252919476143426 0.000900059857919757 0.00413536744191079 0.0016752268348031 0.00241925146349888 0.000854940926021903 0.0137107544750688 0.000986767523643656 0.000116905854098109 0.000170800320973115 1 1 1 1 1.05775678157806 0.177588424412534 0.0177894132211804 0.0282952601555735 152
0.284420927491314 0.157370947230584 0.0897222720266598 0.362815620999902 0.266483441341028 0.159684910109227 0.0976314382311294 0.348522392019568 0.293211375768707 0.0545528475252477 0.0103406320885316 0.302673856873589 0 1 1 0 1.09359874390066 0.159678103169426 0.0296433439943939 0.889958090148866 153
0.0105770577647494 0.00269871564349083 0.00325343188807942 0.0291705698292739 0.0210578662873959 0.00337536523467251 0.00302238043334852 0.0474775552921515 0.21378147711566 0.0232813769455344 0.00874483457873207 0.221509121067755 1 1 1 1 1.77112595224753 0.694236997747794 0.23965665185824 0.834020861890167 154
0.00211322758263803 0.0030096818177433 0.00468034013089496 0.00724068791190798 0.00202012970001514 0.00284655661081091 0.0044533865293918 0.00701980360550227 0.00936582349703841 0.00523062261306861 0.00117201798287153 0.00232579956976511 1 1 1 1 1.06605137744918 0.522748469607905 0.107421365566552 0.127208366524428 155
0.0055454314520076 0.00141306332927429 0.00613305248190108 0.00344548190737276 0.00553406076901284 0.00121508288461254 0.00615713671669502 0.00340109283141362 0.0124906182814757 0.00326272354011109 0.0005810354525436 0.000126007806644552 0 1 0 1 1.10832266695797 0.331950969062746 0.0503867527004331 0.0111957301851362 156
0.000351676564992334 0.00137344480360184 0.00342882940505122 0.00513761282969116 0.000232163640447712 0.00123649112053482 0.00348188712804092 0.00274094863461591 0.0256686989641273 0.0144032013276453 0.000282991646473304 0.0119719303624779 1 1 1 1 1.07454392826185 0.687851474154741 0.0110839914996177 0.183898476185277 157
0.0777406089108915 0.016253742168992 0.0244910967183237 0.181407238606485 0.0732365463029531 0.0159074740298262 0.0240515891309077 0.169255451835757 0.306240242232427 0.0702301194478314 0.0258834533610374 0.300789626994606 1 1 1 1 1.54691516468301 0.870410940377042 0.241996779805049 0.573902095435187 158
0.0737718037597898 0.0567908226616196 0.0269771316871758 0.129079689295081 0.117043174984737 0.0509170793155593 0.0230858334748219 0.204348182556065 0.201519157047468 0.0276389307788118 0.0033777791096458 0.217278189829704 0 0 1 0 1.50341752544045 0.364615353057161 0.0393503841478378 0.978834372479469 159
0.00129559484083374 0.000900206783710498 0.000756223051369388 0.000404267831809326 0.0014337075509372 0.000786534901873066 0.0013980571231262 0.00109756340861134 0.0214234523605688 0.0157404211081945 0.0037634284084454 0.00390043401969378 1 1 1 1 1.50929900864139 0.981956452596933 0.24175894097425 0.13243901450187 160
0.119786634879638 0.106789782498034 0.0224692195695268 0.867413774359318 0.154240827132028 0.136769719568729 0.0537865311132475 1.00903338652014 0.382320190757443 0.223338474236171 0.0426939918556183 0.328652053232541 1 0 1 0 1.0724984141998 0.895215108757839 0.0925290181767195 0.240422064904124 161
0.00591343098516996 0.001760298909695 0.00139811118496969 0.0278512918857413 0.00471290483880812 0.0015670157373643 0.00146098160613997 0.0228162969869621 0.0511413357118784 0.0149468679083968 0.00391437827785701 0.0407737129088858 1 1 1 1 1.48978677112609 0.734454407822341 0.196147711249068 0.474906536983326 162
0.327313086483107 0.0385592341638998 0.0219619230863114 0.888508883167004 0.292102595900353 0.0346487919145096 0.0204050605243527 0.811169051966422 0.359399415719724 0.0299338472710083 0.0109571207979302 0.380719501942622 0 0 1 0 1.12406261730939 0.569637043168768 0.178870126837865 0.381576522486284 163
0.196096482812466 0.00499278395864544 0.00123382762226571 0.53522864902605 0.225481792218584 0.0052674528524968 0.000715735326264513 0.632429623527237 0.379785333047643 0.0207522517528111 0.00400876904201566 0.391082070825462 0 1 1 0 0.98847237508744 0.4490358941257 0.0686415566597134 0.353760935831815 164
0.0153441580406462 0.0252544086700607 0.0101792970360161 0.202396727804003 0.0524609347518053 0.032494972139613 0.0056697985371618 0.534813888849958 0.221999331847289 0.074563087613772 0.0412644431253233 0.217918002912618 1 1 1 1 1.27828373992816 0.957511524669826 0.309466864448041 0.197700741700828 165
0.0255925736610122 0.0367395725511936 0.0243062931493193 0.0069661646881906 0.0054487169449451 0.0405729108010471 0.0203711618229896 0.0784952733511159 0.253767521258242 0.0605992800869832 0.0354720187309563 0.236833231706586 1 0 1 1 1.52383935730904 0.979973334353417 0.392055964563042 0.419369439361617 166
0.146447056952358 0.0576613455137388 0.0640868472572241 0.29954428841693 0.125925887161326 0.0674182062901173 0.0575458625405971 0.23434660563174 0.376699197848203 0.146272502223509 0.0685120231266593 0.368725706177051 0 1 1 1 1.55932332854718 0.909628820372745 0.346053831046447 0.578456909395754 167
0.109024197450829 0.238762389573294 0.351871406761746 0.179319956028678 0.114187816142628 0.212692312420351 0.438003413734091 0.139565211671178 0.293519925870996 0.269603597472045 0.0608861494962746 0.226875112494062 1 1 0 1 0.985249753575772 0.596414080820978 0.0866091959178448 0.444711872609332 168
0.0768957155427815 0.000858070076316855 0.00106461482725119 0.156326575483515 0.0725467975189583 0.00270398246262515 0.00057537315507439 0.14842427265509 0.283979042275158 0.0141173556999029 0.00123515980623654 0.304244246610082 1 1 1 1 1.34134643431753 0.40654869005084 0.0352221366483718 0.689255224307999 169
0.00489385072058493 0.000366244183398123 0.0034103318483486 0.0333149269362014 0.00484555716401013 0.000754397671939217 0.00353882830529467 0.0399403822235882 0.0560047030884789 0.0274449292114328 0.00153865687768712 0.0325142052850631 1 1 1 1 1.10192432953045 0.717693654587492 0.0351791169960052 0.215632509440184 170
0.00534183851269136 0.00333216521220903 0.00307883817606696 0.0092895452048916 0.00787859961963222 0.00298721698986569 0.00248686875910189 0.0193352236909316 0.0672074126952322 0.0138592937454095 0.00463660501922269 0.0611516372381015 1 1 1 1 1.7907443465665 0.775482065277174 0.264216295443475 0.63058475125581 171
0.0592152043055086 0.00518694682699625 0.00436452238499667 0.131774245249507 0.0611113511113624 0.00420158701664483 0.00403562357743716 0.132647097538678 0.147086801025763 0.0162092382922379 0.00569684123685532 0.14502634653805 0 1 1 0 1.95471557183191 0.657677088864148 0.223339004209265 0.889333772007376 172
0.0436693107960428 0.0337691565685202 0.0225663001669198 0.110497619794482 0.0528212591853561 0.0274093334747044 0.0214238804231906 0.139354106121904 0.311079045799574 0.0777561212542335 0.0222249508830019 0.324453218357034 1 1 1 1 1.65332983154804 0.763354301219806 0.200457122875378 0.792589518008754 173
0.0198663083062963 0.0051852065461142 0.00648147498509089 0.0495394011157374 0.0296008112571321 0.00558504988069852 0.00639564660581337 0.0756370505508163 0.149137261538349 0.0277398401010367 0.00162118852198313 0.135408313381295 1 1 1 1 1.60199154913425 0.785008261213079 0.0421286020427942 0.565750573528931 174
0.00170327928567172 2.41349826419249e-05 0.00422201313768977 0.00395671916460254 0.00129388553401703 0.000158985060395128 0.00440367195415036 0.00445632138353181 0.0095088508828115 0.00621181775517898 0.0018513529837734 0.00198174793291708 1 1 1 1 0.842823148705065 0.4845108485315 0.14580877055414 0.076409196248278 175
0.0219037677056722 0.000565793821213241 0.00174587039490163 0.0755599410048955 0.0232272728935991 0.000713943469356272 0.00184294175543924 0.079753721056074 0.0905810464446779 0.0177547159887406 0.00508547602765513 0.0804286881986286 1 1 1 0 1.8381939609535 0.78171121655032 0.225660758791491 0.627353398129344 176
0.052546665553409 0.234985866284281 31.7907995611899 0.351196780871639 0.00893340068698651 0.181850953951567 34.1499876469446 3.64629261913729 0.331932570076913 0.371810437622601 0.780182078557701 0.646060867624731 1 1 0 1 1.33564538834617 0.695099112112075 0.0125865454319865 0.0668667070567608 177
0.0369162028485992 0.000458163541946618 0.000356556632650548 0.0859377799574432 0.0375764435337483 0.000425776129795433 5.78591518816949e-05 0.0850008633177565 0.160159515916575 0.0144613057039745 0.00299248605196276 0.161867544856578 1 1 1 1 1.90068123163655 0.712016752688214 0.139414644101635 0.855704821646214 178
0.0789120713684705 0.00756700975694999 0.00575076563144195 0.227617600078765 0.0896638699179826 0.00670021703804398 0.00441293142969311 0.252088403182411 0.245609797592021 0.0153112231516236 0.00339251212630516 0.256628218115996 1 1 1 0 1.42736915498972 0.477078812429681 0.0982321701012552 0.545725685544312 179
0.289565305005878 0.0700551901086973 0.0319981069197376 1.31655674313243 0.513152551877304 0.0659119665192442 0.0279736177382224 2.7506268173434 0.603927900019273 0.0368020723207231 0.00553993051936846 0.626812498752459 0 0 1 0 0.606932490132749 0.297955380054191 0.0416473317891359 0.113513928372413 180
0.0149923104488798 0.00738225529652111 0.00661331692528282 0.0376069282959905 0.0170252120688567 0.00741366784376471 0.00632659493943931 0.0389323423761883 0.0501616098070232 0.0145151714717437 0.00178395608213482 0.0436210135348837 0 1 1 0 1.98694147402421 0.906940113054588 0.09818378649652 0.708025241270661 181
0.0645892011038239 0.253525898461964 5.92566726884876 13.8755596130934 0.0379352983933504 0.319552162545064 8.1627213341013 10.9793370379743 0.463625046642923 0.389492356011352 0.52216119239823 0.803271451658912 1 0 0 0 1.359236179851 0.944579614093527 0.0414148566778749 0.0452963872812688 182
0.00201048991437683 0.00184102099252953 0.00192403958804793 0.00152592282557789 0.00176062712264285 0.00134532016241107 0.00202526152574844 0.00017017305385443 0.034944414438105 0.0251785154150647 0.00107662159349357 0.0076436203283024 1 1 1 1 1.43707517627627 0.920840727863833 0.0357172368094325 0.145527405897155 183
0.139707214726176 0.0104749647682963 0.0109575319221735 0.420489115376006 0.158029802986051 0.0106738136286634 0.0108448281644615 0.473202624449963 0.356482259084569 0.0173359436614886 0.00159716845262229 0.382101167904876 0 1 1 0 1.35790231218562 0.496043074177578 0.0450264550745487 0.461842213524505 184
0.000806529739516476 0.00247942175157245 0.00711129992000588 0.00342889968294518 0.000398242514681506 0.00200695355199408 0.00673445450514961 0.00305067808490114 0.0133297615814465 0.00674724194451704 0.00173731562919371 0.000277675410033866 1 1 1 1 1.12313216738403 0.501908174483106 0.129360229941085 0.0161895796190947 185
0.00546721041477142 0.00454827501177717 0.00263579621851816 0.00321718429993021 0.00489059706288193 0.00391772715119651 0.00195787878752083 0.00356612828690995 0.0139871520188393 0.00710150387500719 0.00117294626547548 0.0065364012800905 1 1 1 1 1.178340413142 0.494485738920048 0.0818103586789221 0.215526681626216 186
0.0638182190341853 0.00737107659984518 0.00246822390569221 0.126858291935858 0.0675071196741093 0.00585957461915775 0.00274396851967117 0.132952886999389 0.195169518970982 0.0267102592084505 0.00754790615147899 0.190507882989406 0 1 1 0 1.92045643739402 0.8031748351641 0.189802821958438 0.925824423786253 187
0.00045192388994944 0.000109956981044105 0.000489211644964685 0.00197232945511023 0.000403108134209393 9.14347341471095e-05 0.000461897158719145 0.00165773434446315 0.0234175978550426 0.0123117684488202 0.0037724435235364 0.0103870036225561 1 1 1 1 1.6402641357854 0.823904419085011 0.262003395706415 0.337931318208575 188
0.0185245415544085 0.0142110297577435 0.0151883808265021 0.00643955871719564 0.0176608059359688 0.0138264491228024 0.0134403822237318 0.00447684426186909 0.0595648032179341 0.043414005591096 0.0132424696398408 0.0104867857208869 1 1 1 1 1.52432573214173 0.956013550283387 0.281830614199862 0.122349533485249 189
0.123121353179268 0.00428897138893048 0.0054092126982057 0.261088174671201 0.115286613742933 0.00336640203185546 0.00471332355013684 0.240111976602103 0.217230512863531 0.0252651109638654 0.0107762706671031 0.217518212254791 0 1 1 0 1.93882315373048 0.759312282549217 0.322472184430808 0.948755883146077 190
0.0320457636608815 0.0016755473250596 0.000430710076507357 0.0849114757974356 0.045173070851077 0.00201655092475107 0.000922207369542876 0.123209264165365 0.172163072081925 0.022022886346901 0.00404695473735059 0.162333399872349 1 1 1 1 1.63244640594348 0.756891311844811 0.133887659525499 0.602062438381836 191
0.0201353112746369 0.0771685922602675 0.0613864758263163 0.207590821618388 0.0241987158057011 0.0698223549602525 0.0438458732207626 0.229800397828342 0.317553600103662 0.079465262103427 0.041286801555686 0.304880401468901 1 0 1 1 1.53095308877528 0.755688140168786 0.286874482640997 0.512301544193178 192
0.0707767156005698 0.0389211790810214 0.0289995859865942 0.239177625245362 0.190969309000975 0.0343225231868519 0.0259296861839408 0.855946403526407 0.516490942816615 0.0265114733514272 0.00652186370860236 0.605403144419767 0 1 1 0 1.16000853152946 0.323013395769522 0.0831337904091924 0.282235614722595 193
0.00763059627196268 0.00178941916663622 0.0061134195032386 0.0301583132808125 0.0127169881389999 0.00245080659876841 0.00353973445770504 0.0604311711416499 0.158309286545443 0.0586742730946967 0.017450064533836 0.108651166504485 1 1 1 1 1.52956337342039 0.934540497371927 0.284737705951557 0.397952742408961 194
0.115330910191199 0.0247953004473471 0.118773025742486 0.00228826789917974 0.129174265969727 0.0669161310305581 0.15199189234674 0.51889907496195 0.208709396179747 0.16135435527285 0.0836577783846762 0.121165934117097 1 1 1 1 0.664563896600157 0.515438844915479 0.226062421454117 0.0837466774974018 195
0.0133150748133591 0.00218574286396288 0.000996994766226135 0.0165493281899538 0.0150274279584329 0.00270931452983452 0.00266469800186655 0.0230467033581368 0.261224749310117 0.0190042440701098 0.0032350448708504 0.261093046276337 1 1 1 1 1.60118129756302 0.656702967593446 0.101604444673285 0.709698690334335 196
0.210349512853819 0.0248584973675704 0.0123206260956306 0.344017066138641 0.209280196063961 0.0218290635263425 0.0110910648348002 0.340682747783869 0.379249852490091 0.0253900883522876 0.00788995500472336 0.380048136255419 0 1 1 0 1.46972951339558 0.40948500437662 0.116472315974534 0.924870951566845 197
0.00338698058727181 0.00205019482287125 0.0043664589483714 0.000406749785085964 0.00331413764713947 0.00186716085430015 0.00398123575351957 0.000366530741780218 0.020875810721823 0.0125779863446521 0.00284800684557587 0.00537200755002526 1 1 1 1 1.39173212274909 0.756239363923669 0.179174945922568 0.181657673092559 198
0.00016345351968305 0.000405744607415116 0.000311569629629856 0.00188582067227918 0.000364414705977968 0.00075452220622636 0.000577056926481676 0.00235307417186319 0.012217427789242 0.00962683738394754 0.00326805676594735 0.000832049168810856 1 1 1 1 0.973538557533175 0.641095100902021 0.206235908903182 0.033094123005867 199
0.0534171280022929 0.051577060092897 0.00164940269981807 0.338336210729373 0.068706298645173 0.0729186082077877 0.0177862938349749 0.410321929688992 0.305701743645504 0.193414550786728 0.0818838915157084 0.300684288992903 1 1 1 1 1.24790241103619 0.871999710332602 0.249796278541908 0.345499760471284 200
0.0926797647900165 0.0198816015667542 0.0141920914618151 0.189314305609666 0.112345561247594 0.0181369858436619 0.0130994108701671 0.224425563435597 0.266150720814868 0.0186496730323997 0.00201828299111968 0.284185200517638 0 0 1 0 1.85097278701141 0.528937279013917 0.0520892816130072 0.989512429339811 201
0.10051728181308 0.00182313350607634 0.00140442582472677 0.207659631069827 0.0913002634164902 0.00100735000778686 0.00102885521588275 0.192816711525371 0.24332232808398 0.0123719269544008 0.00179721261895706 0.257659796055789 0 1 1 0 1.58239646442235 0.397302686003968 0.0591805526055396 0.776961137540638 202
0.000815087272077332 0.000721062104460872 0.000668538833487489 0.00231472234292948 0.000768050377287229 0.000791614152208402 0.000381628643755068 0.00204268805699511 0.0190326272623436 0.0124993611857434 0.00520784003486147 0.00606077959202364 1 1 1 1 1.25538257369772 0.796941115288064 0.333101292140782 0.176965203369036 203
0.0753646811339052 0.00453800386850202 0.00304036612071891 0.159788167021241 0.0794132484272995 0.00503682762890507 0.00295016527931835 0.167664263690636 0.241005258211693 0.011150579661357 0.00223707276973774 0.254188508213045 0 1 1 0 1.71938762860373 0.456801910419017 0.0830688297282904 0.85228689876385 204
0.0136710344523234 0.000607155527064288 0.00369574207424012 0.0413315603598608 0.0144092417377274 8.06604742831619e-05 0.00317069233918106 0.0413240827404486 0.130796437597528 0.0255625167476619 0.00389602670413128 0.11850575719176 1 1 1 1 1.81633643060923 0.909500961424783 0.122209927765653 0.6547176821623 205
0.0852173076993344 0.00845575170993071 0.0037213363110987 0.327495846080532 0.034246245721388 0.014531091766491 0.0168191928884029 0.151406931500564 0.364199390842794 0.129883495280063 0.0474659676306204 0.342044192909778 1 1 1 1 1.15281609119847 0.679867408471182 0.227055517258123 0.377415033057332 216
0.0484902597660982 0.0228429288676657 0.0182610525235119 0.0956956664084705 0.0422015649309617 0.0283127989048802 0.0174026597526097 0.0781957404474724 0.341171845546172 0.0297375298928183 0.00745396166308113 0.333960588073232 1 1 1 1 0.972116743214428 0.23517226986587 0.0623948751017451 0.653171964921057 217
0.000259577650943817 0.000487348837376149 0.00390789280003059 0.00146752051870239 0.000273730654511676 0.000546327416102973 0.00377794080215259 0.00129473391130509 0.0303273281458247 0.0209643763190014 0.00517837782305153 0.009454735458966 1 1 1 1 1.38899537175894 0.938933167606592 0.230320752598345 0.179845158243552 218
0.00172636888442186 0.00202703829513789 0.000368666821793204 0.0065940348566817 0.00146038765042063 0.00211608111361167 0.000811450682288176 0.00636014360643521 0.0191537183593415 0.0127251594500866 0.00210142951154876 0.0032259564780375 1 1 1 1 1.4663161765784 0.878443313529715 0.140916312579066 0.132981326896697 219
0.156376391188027 0.00614828826425465 0.0016798065004413 0.267910514402236 0.165188628524608 0.00688317764685857 0.00176651099456846 0.301742492182358 0.267994994717464 0.0119048041221456 0.00366327738958303 0.287034970784109 0 1 1 0 1.35554568236694 0.248671068809927 0.0762626677751541 0.73496555024758 220
0.00135242305362951 0.000518983913903028 0.000472309708557159 0.0316726554256926 0.00041752046424672 0.000197461345204958 0.000155198215606059 0.0311537936699864 0.0405855569207167 0.02732652626011 0.00985917626178706 0.013803096762131 1 1 1 1 1.1060280376114 0.774330290034413 0.270527693443 0.138484119437635 221
0.0881202984632385 0.00116967845052677 0.000885229420934253 0.182464848549807 0.0885464320330485 0.00157859900792397 0.00118047290858469 0.178934124385659 0.205983377073303 0.0171478704886846 0.00641010332579747 0.200527052327668 0 1 1 0 1.89588631968945 0.708557615056634 0.24153565755114 0.956799488980323 222
0.0145224151531475 0.00480501781853316 0.0037032589987617 0.0399596691528952 0.0154442307732813 0.00483588174947056 0.00400539474333662 0.0462890076978967 0.0807333940053721 0.0242371992056071 0.0100284872113238 0.0611053347057152 1 1 1 1 1.81976338336244 0.938762180740014 0.389708815608174 0.567386947339401 223
0.00874839713505347 0.00644449590324629 0.00626915931803228 0.0253360443077034 0.0258291422982674 0.00538667649073974 0.00496429354343304 0.0567225932648502 0.168864446884983 0.00875392856142801 0.00345023899202163 0.171705832986524 1 1 1 1 0.83203113777563 0.218607596121728 0.0799105186015368 0.452068159822375 224
0.000475575051655284 0.000375267628843935 0.00318742285100911 0.00201969781024058 0.000459009439507969 0.000327903792783371 0.00296583527976616 0.00175137958877689 0.0112346889861052 0.00603598276730827 0.00230462502396026 0.00589910501171187 1 1 1 1 0.837685819715261 0.445561016211286 0.169446449261159 0.158804856706411 225
0.0137815257160699 0.0121359394298961 0.0107816763326945 0.0173379978309897 0.0123227721664774 0.010548728093682 0.0105911130239961 0.0212698950717919 0.0467633131383566 0.0345570040718572 0.00317947349704029 0.0146206066752247 1 1 1 1 1.00655668321997 0.762241031508893 0.066403582226485 0.10132193681784 226
0.218962280315677 0.149193389017934 0.0416556785446341 0.417882572435227 0.211751794691391 0.151257823676677 0.0805790672612563 0.241919366789487 0.319903557719891 0.310573657395277 0.111494972348688 0.0594815562158648 0 1 1 1 0.908536927308887 0.717416331870481 0.205439436249435 0.0808513481169939 227
0.0517523940172672 0.00864109316003786 0.00815867763526269 0.106912947001353 0.0745660112939371 0.0078642176810017 0.00798646570026364 0.176500147225668 0.301512561756222 0.0087069063267195 0.00291222171247214 0.34126504804147 1 1 1 1 1.44828481273726 0.252548420568928 0.0846782319713384 0.707542415009812 228
0.00427705133173301 0.000329104901626145 0.00127540427724507 0.0194920191241368 0.0039588801140021 9.15018003308353e-05 0.00105479657258881 0.0184113652038049 0.0264029559522581 0.00820514830051489 0.00218405573558536 0.0207441360202982 1 1 1 1 1.33494819235057 0.584868450183421 0.162979480344802 0.411473485641181 229
0.00525572035801432 0.000176743056649241 0.000636634937996623 0.0128897111724065 0.00596296262186955 0.000373335931750396 0.000995276155811144 0.0163893280335925 0.124385999012916 0.0165056323914426 0.00458941569688912 0.11733714788049 1 1 1 1 1.8392418762669 0.801497071515769 0.217258434044197 0.73130578850396 230
0.000150435722131513 0.00111478750615103 0.000256709119712351 0.00958068153167139 0.000622993236762604 0.000618053478523442 0.000463433395398145 0.0114918015437128 0.0415244268189174 0.0158289278507791 0.0044471305089889 0.0290817630810445 1 1 1 1 1.72145139519125 0.823352826060727 0.240905507700518 0.4935855534859 231
0.310424493434901 0.0851140267845569 0.0656223377301064 0.612256008876286 0.287816364700518 0.0577749447409013 0.0472126625585748 0.529380099476017 0.39453601702653 0.140020610980341 0.067187163356054 0.346289362173042 0 1 1 0 1.45034931367263 0.608633858384565 0.263107093283907 0.711544458055869 232
0.000553273529306676 0.00188770918817388 0.00286031667283769 0.00661864937557374 0.000395776396497384 0.00163335887300965 0.00293603990915931 0.0066612884243488 0.0148580607211932 0.00779846307533294 0.00153718195136936 0.00540169323147446 1 1 1 1 1.33685864880681 0.614469251828268 0.113146059215069 0.214217677945271 233
0.00197284414357244 0.000883454406014192 0.00292556892763774 0.00732080776738624 0.00173816316037833 0.00100664015250738 0.00261966062264415 0.00740891361812539 0.0133863748674232 0.00948343795306761 0.0035023628205845 0.00181549231807684 1 1 1 1 1.00324484985322 0.632390009472147 0.240826082648709 0.0664451990742236 234
0.00339925594736951 0.00281659813382123 0.00246700254003761 0.00233252132140609 0.00315489866686095 0.00236937392606423 0.00240630365404063 0.00110568731427089 0.0320255599100596 0.0164421045358389 0.00144551600394777 0.0172444992413403 1 1 1 1 1.57469424372539 0.918568234657869 0.0744686301331967 0.342334853718057 235
0.00250713481366052 0.000549146009151436 0.00478628415804121 0.00254161558657822 0.00309514233149132 0.000604732478333295 0.00457455902940847 0.00447802888378675 0.0386744537822399 0.01555015496373 0.00180104996014621 0.0266457706534917 1 1 1 1 1.78813740937039 0.91307457559742 0.101012578234076 0.487633841345087 251
0.004313782424127 0.00242168167865391 0.000490516391765024 0.0264749547776267 0.0043205969755523 0.00325159853113417 4.39347542952027e-05 0.0271985647601624 0.0554205279264341 0.0190742186559832 0.00552985211751283 0.0415391308172999 1 1 1 1 1.92218704707921 0.935765326721594 0.281254440546036 0.573805344756693 252
0.0133647340170369 0.00458647709491417 0.00616519069763689 0.0148656625042616 0.0117135237432733 0.00378797140233359 0.00485936455740375 0.0146926762612357 0.028946736272238 0.0128635900720485 0.0046742352702793 0.0126080668998797 0 1 1 1 1.2400305615738 0.409042612183839 0.151793584693223 0.216700365999714 253
0.0013379201888235 0.00225783846484025 0.00250924585742452 0.000979037113637247 0.0009362021250169 0.00157390322217865 0.00219269249727659 0.000811872498390881 0.0271919614042031 0.0154882473661979 0.00361732320268288 0.00886793293590826 1 1 1 1 1.63544499548152 0.902533745625988 0.199883616063744 0.24738468718715 254
6.24069185677203e-05 0.000764330675433381 0.00132412754957602 0.00805378844233597 0.000150453077128144 0.000724492983572645 0.000561151775238762 0.00537541982231894 0.0450349552257636 0.0222316345834431 0.00209599052082743 0.0250957567040062 1 1 1 1 1.61720623308793 0.955123517196625 0.0827891586814076 0.368115686113015 255
0.055892768351922 0.109275080911299 0.317211326334071 0.0683658034557013 0.103687705004427 0.151561967748929 0.384413363433656 0.136221181689826 0.208792811231702 0.0717039456453747 0.0246183627414937 0.231784976645779 1 1 0 1 0.521806317381561 0.144237740896642 0.0417226436547935 0.395344225689769 256
0.335590709458747 0.0919191855268418 0.0483852093592746 2.61777712374079 0.420663471805287 0.0964148172247443 0.052455948240951 4.20060856545819 0.350944507685263 0.0880844862378137 0.0343875905022387 0.403098782015076 0 0 1 0 0.711853267624974 0.507010634988546 0.182860912987962 0.0638208058662713 257
0.00247529092962124 0.00226571622258702 0.00358433120693691 0.000482755930889824 0.002611977716582 0.00220953418705148 0.00368543717813415 0.000283154947357039 0.0123530082221615 0.00706175259048647 0.00154675564835398 0.000682996785037679 1 1 1 1 1.19542298233137 0.573836805298924 0.116344299167395 0.0366433025337756 258
0.0490095980291811 0.00588404496947796 0.005897719749783 0.130812873381187 0.0611578124732095 0.00647505698934016 0.00570128824130185 0.171379460348584 0.183027997654955 0.0225763600635768 0.00916348956161239 0.174087614119212 1 1 1 0 1.6240174616687 0.764604459283873 0.288131225388497 0.577654595021158 259
0.0429860148820163 0.00315763673823536 0.000878302028142552 0.122680828037515 0.0424060585965177 0.00278435662429087 0.000761290963399245 0.124945102149494 0.168829569250705 0.0245163681312994 0.0108358956962708 0.16263038714199 1 1 1 0 1.74992245435715 0.876158735016361 0.303989207837731 0.66394605813548 260
0.000806319833811821 0.00134384534142261 0.00112646931575419 0.00170344342070176 0.00062019286320349 0.00180915892843238 0.000829246724309298 0.00212946731505668 0.0112237249178007 0.00621638944414549 0.0011839454168288 0.00241453007977512 1 1 1 1 1.12026097625494 0.536073958966881 0.100445128977299 0.12252656230703 271
0.100879812584496 0.0621377941378162 0.147300666658505 0.0851228684682379 0.105945778355602 0.0888696852387214 0.150589059527988 0.129150082785051 0.258421947490038 0.18616741026592 0.0530911703797504 0.237890907345987 0 1 1 1 1.84327095746994 0.913819298846647 0.138221374480054 0.878319996874779 272
0.000320241780122203 0.000193294292650999 0.00322422942577343 0.00228177463250712 0.000119653809484679 0.000409201280086084 0.00252172831485543 0.00227243672443795 0.0208885664437479 0.0149842229676797 0.00635483561913319 0.00259302283119986 1 1 1 1 1.52809293754399 0.950500389561057 0.399249396519735 0.0965228015556931 273
0.0444361542870447 0.0448236682788927 0.0506886196716863 0.016336271100689 0.0466974647838278 0.0473198016772941 0.0465867887236599 0.0184994658158586 0.0740642254929171 0.0492322098112068 0.00839855632323774 0.0250973034341754 0 0 0 1 1.500050005503 0.997921239351854 0.151887108106166 0.182090602582321 274
0.00276727696422463 0.00151885566528651 0.00406218398283583 0.0052865126071188 0.00202213228303542 0.000918130550519656 0.00380118789959745 0.00761562485192269 0.0370335542081375 0.0103055366115191 0.0021937471583873 0.0314283374916521 1 1 1 1 1.70208816137165 0.719789093127474 0.151584261795506 0.54795736214146 275
0.00435818116733663 0.00315146705973812 0.00316001439801391 0.00290294921006652 0.00406852956947057 0.00303029472863368 0.00285745120742969 0.00251619130229573 0.0179472045072058 0.0132067456325948 0.00376931008213358 0.00407113000400833 1 1 1 1 1.13958943914622 0.778432087274268 0.214409601408988 0.108317112317309 281
0.0617471296701795 0.0207126299323026 0.0182957271292079 0.200221580957889 0.0568972443062945 0.0183043154135698 0.0164417559106714 0.213845822795702 0.295219419092511 0.0591760366799379 0.00852293394001949 0.265499436576592 1 1 1 1 1.58546875836328 0.766697247512639 0.0901324290316552 0.544701796490699 282
0.24740281720066 0.1103755965998 0.102484758727345 0.577990856355917 0.218208238116945 0.118851938454843 0.0911319839412889 0.442206649858654 0.286314891122066 0.179554994185983 0.0948837529671029 0.276060285407843 0 0 1 0 1.46402684506029 0.906877311412245 0.383161519886926 0.452099466929212 283
0.22827564752945 0.0257446955823312 0.014338498096583 1.02998949492853 0.294157926471208 0.0277506985611514 0.0184226313756721 1.37446723829091 0.281560093025303 0.0644403785469795 0.03245128736239 0.291953339303027 0 1 1 0 0.722954983823001 0.483353991061449 0.22358331666328 0.142515388317406 284
0.00220993053211283 0.183129213195621 0.128445336863011 0.350297409119854 0.0242849914663634 0.168246875559364 0.106559013920276 0.427646121125344 0.292061753810633 0.0507943812612683 0.0127456794510971 0.280628305788981 1 0 0 1 0.931502673309296 0.387704362859949 0.0741710066795349 0.313856648746878 285
0.000336459327961986 3.00654028151239e-05 0.00133439136594633 0.000287085839181435 1.2000187036753e-05 9.76398687204159e-05 0.00142318491607371 0.000338095662285537 0.0115790268019627 0.00126740177348558 0.000182800338692717 0.00117584170181409 1 1 1 1 1.41005909396335 0.244683145079762 0.0340878223069012 0.168682067422196 291
0.00683288426765751 0.00190976946997715 0.000412107197662609 0.00141970861086546 0.00648643087539896 0.00209640178190098 0.000463148025396908 0.00157180196271923 0.0204208486638107 0.00157788672779463 0.000656118553059498 0.000146836218272682 0 1 1 1 1.57352373283356 0.280302762752399 0.102956929709762 0.0256734718568623 292
0.218489338593774 0.0501004065375283 0.143697184650423 0.437523695045619 0.209832933140654 0.025359258906591 0.16695390289688 0.4057795125668 0.356239486794909 0.256028627798121 0.0987211050302405 0.31019331041528 0 1 1 0 1.58305845782161 0.7338429200463 0.200736505445093 0.791931932559237 293
0.00160200675903811 0.0029409819299255 0.00198474489016184 0.00900741398063708 0.00122889795167107 0.00237243205382818 0.00139694932212813 0.00970865169568333 0.0336691646753833 0.0171251218861885 0.00194305217720944 0.0193869581875998 1 1 1 1 1.38606266444549 0.802799242548645 0.0877237906679511 0.320161047624424 294
0.113904987957434 0.129850871533249 0.0990811435378229 1.37803749067386 0.166452739924481 0.104888400137604 0.07813351806087 1.81363305164395 0.445367363521321 0.131480095037341 0.00311238572847618 0.392182036790213 1 0 1 0 0.920055143535137 0.606300436891615 0.0130039346404374 0.13817943376489 295
0.0319064392179246 0.0064484671899578 0.00305590949108954 0.0932949855710963 0.0287837796748366 0.00513931197140711 0.00193716073857063 0.0911721874891833 0.157775996488306 0.0257783779219107 0.00514989631307444 0.147466477665972 1 1 1 1 1.79070469737053 0.89083138667047 0.162868660409003 0.670584966195747 296
0.138338891702818 0.223762178084121 0.148321834874863 1.20711662604538 0.0919939067408027 0.202316593371362 0.101198829901407 2.87975100097219 0.353624249708119 0.265343436146992 0.0195768687883264 0.175860957083527 1 0 1 1 0.964187714736909 0.769710404565558 0.0440899557434022 0.0390170158352703 297
0.171152367881225 0.0652460586944772 0.0457656771031907 1.66481898432467 0.337395640557393 0.0432054451994459 0.0296678341736854 3.03095150176986 0.331037833724732 0.0635111198352556 0.0254555580751949 0.293947676526638 1 1 1 0 0.503987782634795 0.297510974574834 0.109791579656303 0.0641074627637863 298
0.00499841475057441 0.00336748572302023 0.0070530507650448 0.0038175542970758 0.00546502775035427 0.00371167612869138 0.0062771627268704 0.00140704105177722 0.0583758950733968 0.0300875289406384 0.01061719921475 0.0290327845041843 1 1 1 1 1.71992877870798 0.962288394104689 0.323554534465075 0.362579485634342 299
0.105720769566335 0.0343114995957022 0.0307913207721094 0.378477708357718 0.224640012415909 0.0337131706633637 0.0297443769403958 0.919145881876403 0.498765047280157 0.026363757846161 0.00963842846023927 0.560192709280002 0 1 1 0 1.11324390536174 0.352434324100614 0.130861902842298 0.289780315943062 300
