"V1" "V2" "V3" "V4" "V5" "V6" "V7" "V8" "V9" "V10" "V11" "V12" "V13" "V14" "V15" "V16" "V17" "V18" "V19" "V20" "V21"
0.00361821892536651 0.00527889319910783 0.0272000309583127 0.0179189746577305 0.0110267114766517 0.00370569111798083 0.0268458564181312 0.0290420807132047 0.153272818622509 0.024834946801364 0.02221980943655 0.152136588560012 1 1 1 1 1.14665266964585 0.309101206250489 0.132272714981809 0.566016362980008 1
0.0236300919255442 0.0231004992670541 0.073594205950173 0.0204419361464049 0.0242173908292268 0.0263216828406506 0.063329399468528 0.0252992908915198 0.0388197065754694 0.0230667149979784 0.0129527362611608 0.0228415161850023 0 1 1 1 1.0039397617802 0.326628328999504 0.0247715967707336 0.162711632670835 2
0.73347385369945 0.13309628080701 0.197783663465412 6.78620457885668 0.652054824008253 0.162880088708845 0.249030915526336 17.7815017128892 0.592912947795946 0.223584538418112 0.252173398978137 0.364913156961001 0 0 1 0 1.54005571315065 0.942784613231197 0.36185066960752 0.0127429524436593 3
0.0201392879503133 0.0332573454483231 0.80302847068633 0.0779651255478699 0.00591976911698546 0.0254629655081354 1.17518308938423 0.0203948244495705 0.105902612150866 0.0791428958068376 0.0568536380295289 0.0373764494245794 1 1 1 1 0.701285149902105 0.456748500000685 0.0254929212387651 0.0783239570446312 4
0.108605923562681 0.0181888054602302 0.150888636677619 0.227475298700478 0.102986266348309 0.0200407425873185 0.152298645258709 0.214236089511107 0.137036255732713 0.0152279960831142 0.0128806125409571 0.148473181722455 0 1 1 0 1.33121683495119 0.304883275413886 0.0177239710465074 0.692625114694238 5
0.0442264845836342 0.0135396360303093 0.120326714912882 0.0633786840855851 0.0462100843432916 0.00620698863862459 0.092636147777843 0.0726774438055292 0.183766974602249 0.0991595267854507 0.0858692587417011 0.171864994892682 1 1 1 1 1.79029444232583 0.684289930388331 0.149843604303896 0.869767326395959 6
0.111671736989471 0.000718538561691367 0.88721774729919 0.144887847324033 0.10603728569818 0.0313241039065818 0.94736717631317 0.170843182181952 0.28088117207534 0.179264412004972 0.122959805995234 0.223023077923413 1 1 0 1 1.14349149307236 0.536283893976361 0.0915618345607072 0.524219667539001 7
0.0542907033802009 0.0419804871740922 0.0552534377042693 0.181425905514118 0.0418290604753897 0.0533848117458807 0.0571019218894636 0.166936911248159 0.23243958344908 0.0949250925461026 0.0885325460990187 0.185138667684133 1 1 1 0 1.56050599738955 0.637203397462144 0.233300005318597 0.668867945903912 8
0.0206864535625106 0.00595029181344241 0.0365226781361625 0.120895904891514 0.0163695944754275 0.00519359281159151 0.0418479070426625 0.108430289507991 0.0508401392918605 0.0107915201985614 0.00841683079264131 0.0493383154788963 1 1 1 0 1.07441852940246 0.26117097097449 0.0339893251657486 0.349979129619896 9
0.0477254793420254 0.00829375813027769 0.0269054988517876 0.116830939480942 0.0523703814533501 0.00709127660077301 0.0328628797277724 0.135939688968318 0.115391263219569 0.0161179601811807 0.0115900850989847 0.119776854934532 1 1 1 1 1.06817620107904 0.28374484134838 0.0390948338899761 0.405133123509586 10
0.530338479274508 0.0997445678928604 0.446649871538116 0.599909552065661 0.448036400616946 0.139662160239484 0.621135336088097 1.92892296354059 0.314053407772644 0.204041729347963 0.100646454576411 0.0771955669984853 0 1 1 1 0.513322463724762 0.415628093760461 0.0779313575476408 0.0305227264761925 11
0.0109015505105911 0.00235991629918734 0.0198920819812834 0.0337428680441176 0.0256948423634167 0.00189663310511271 0.0199035471400481 0.0788773429394807 0.114359109200842 0.012942397235649 0.00867616045752194 0.121630873326119 1 1 1 1 1.25396963302046 0.259086672216654 0.0873338542878628 0.453100867336616 12
0.0635726752277162 0.0713927954825938 0.0123606778622012 0.165773198160784 0.0579163235083657 0.0686976691380369 0.0118186859987171 0.139949314764497 0.11221845845192 0.0573723440182493 0.0334018987001173 0.0705665373366288 0 0 1 0 1.28867208724841 0.56205772398971 0.0713672018609941 0.313750441418961 13
0.10759329317309 0.0446985907987786 0.187587009929525 0.204893243111914 0.115208786177288 0.041795621190983 0.205126993261512 0.21434177741516 0.183003951999118 0.113742679060745 0.0963312887348574 0.187588800017637 0 1 1 0 1.99554483033717 0.776968540856615 0.201026257826015 0.966969619970769 14
0.0244294915493236 0.0278829683451558 0.0724015373023522 0.0784681960383474 0.0308835547498272 0.0260825950914939 0.0638050651158475 0.0988852659055721 0.178892246431112 0.0487304416834888 0.0354862028570749 0.172720366403215 1 1 1 1 1.45113623607904 0.517861147643998 0.144224777352065 0.605628827819601 15
0.0412934860778705 0.0575095304689092 0.0919791056699968 0.082185256466954 0.047551415425406 0.074745765544829 0.0388460099278146 0.069375584889105 0.217927598182899 0.153149428745132 0.180022391313413 0.179108330097762 1 1 1 1 1.77554774377495 0.910309325205162 0.332796147791669 0.74725797213614 16
0.057825172967024 0.0361156870078992 0.0203086854733707 0.165208921929511 0.0662851183863672 0.0338903732721661 0.0704988914167687 0.170285489313353 0.135642909245384 0.118295740930459 0.0854803878855138 0.143810252659288 0 1 1 0 1.99290022393689 0.811510586645454 0.0934409152250737 0.969843920785934 17
0.125410362113071 0.15143305959526 0.330802690939547 0.0572169225059715 0.139724390698021 0.165944872287854 0.301679873676552 0.103609663869291 0.225103076311777 0.137704726405347 0.116074985225713 0.135750810577988 0 0 0 1 1.12181222438812 0.652303830254823 0.215611922554672 0.297541262814775 18
0.0321237536251307 0.00130438100870531 0.153222751008342 0.0651422360169991 0.0442567524269441 0.00241935165649274 0.174183935326807 0.108248524443711 0.252465971289429 0.12198206075566 0.113854737365021 0.194390146582442 1 1 1 1 1.39790877746418 0.711442576022819 0.272970167221501 0.492779911495745 19
0.13815381728883 0.126728110733576 0.553610595544422 0.250400306934576 0.149757677638408 0.136286350898545 0.46628222855589 0.220903131270518 0.189455996220954 0.135262237102563 0.141454664173188 0.063560927025195 0 0 0 0 1.49513221206143 0.969297251896933 0.276013411115855 0.208839517552406 20
0.0879976714220894 0.0719718949777476 0.341622404292046 0.236023636238583 0.0817608277464193 0.0702667281296239 0.376590884571282 0.211039856902442 0.122148073802219 0.0575372327579466 0.0784529317783315 0.0874173548363107 0 0 1 0 1.05361191835254 0.57580360583961 0.0995876919478178 0.290397075936198 21
0.0112666068058258 0.00515337213428896 0.0052721875085526 0.0157250758650236 0.011446230306905 0.00554793932491619 0.00438482768618954 0.00685282565944309 0.0470304937109435 0.0235258666770633 0.0193150883747346 0.0340242209638259 1 1 1 1 0.954917162191123 0.356173918116838 0.0360350233968347 0.189678232418373 22
0.131665691569775 0.0176187807192875 0.341886688371743 0.273033703309744 0.132207911350035 0.0215771123372339 0.305024086014841 0.261473869220329 0.191706170936878 0.113680568387409 0.13971752657021 0.175235592795564 0 1 0 0 1.90559195447713 0.899211432784796 0.296899850713089 0.858766416320577 23
0.00422655684260398 0.0261644744251635 0.114280155668392 0.0451846911092257 0.000522995320091849 0.0249605148873163 0.117600357901312 0.051563744139009 0.188990359136155 0.0285793623253298 0.0217588154009522 0.181220831893069 1 1 0 1 1.44636415783316 0.339705681428313 0.107949075521901 0.65327877108939 24
0.0252831719169166 0.0421019865488689 0.0565059462021127 0.0187385199895769 0.0174505507488479 0.0382391875104761 0.0564862554079376 0.0112884101793779 0.169809663318208 0.0292530586377799 0.0199294283561855 0.162289363963697 1 0 1 1 1.32452690880746 0.388966808328405 0.108819713583216 0.56022155075334 25
0.122943137332812 0.0145728390487374 0.0926178805064772 0.303454428555387 0.117726325449405 0.013568572665564 0.083819197771289 0.292695137393359 0.176646936988499 0.0512134203955668 0.0359080906905684 0.149539353543136 0 1 1 0 1.62347775837407 0.581902888603508 0.0563015448860824 0.706641011638567 26
0.116818347141759 0.135141196004413 0.224377756517839 0.0410310891852012 0.103559371129814 0.125363577016235 0.197310657087351 0.0881278700674029 0.241921683612835 0.121852515485867 0.108003034604131 0.150093144297759 0 0 0 1 1.53594088042155 0.81922329030931 0.305421998491511 0.338864039396867 27
0.0643730690480311 0.0390691374693172 0.346981659461299 0.254618019199846 0.048150309830863 0.0192755981775247 0.406901160335632 0.303055419261618 0.117045102005024 0.100272582583659 0.204265537402158 0.0521248786272605 0 1 0 1 1.15449209976941 0.887741309823468 0.262252214364707 0.0839636714663357 28
0.0346352756687505 0.09933728389928 0.277499228817584 0.072974502665367 0.0317548410459969 0.0899070559931819 0.206189538091074 0.0803944685461515 0.247114068062333 0.169634330516623 0.125699377972905 0.221013793436854 1 1 1 1 1.33023223374039 0.746596497716382 0.208682954544201 0.583391360472888 29
0.0887246011750775 0.0482047988224254 0.430660823854943 0.303937996323688 0.0927986626708076 0.0363944354001759 0.360216234382251 0.338175899690987 0.166026523367181 0.0999009599574071 0.126615952975716 0.14316842699379 0 1 0 0 1.33386314334348 0.872996591031551 0.203180402750149 0.30182553594932 30
0.0116719019775869 0.0380628019177967 0.0550671638642402 0.0428592016897417 0.00206458280831302 0.0357261533087402 0.0673123602247986 0.0857260132107992 0.0946458339439687 0.0240357432682466 0.0380751619740736 0.0852979669768313 1 1 1 1 0.688756848219782 0.274017054587603 0.0872250210959464 0.193582792533562 31
0.00523933615302426 0.00044524832529573 0.0215062155313418 0.0703746103537561 0.00611194098428208 0.00834765018180992 0.020230364871696 0.106663113203176 0.147592941394191 0.0723762538725139 0.0503832087252802 0.0814493782559099 1 1 1 1 1.29387468472123 0.575448069022968 0.175699963932857 0.262439309619367 32
0.0541977745439705 0.0890097918222929 2.24453241307793 0.039690668214245 0.0506087218860089 0.0836611101593249 2.53051561165014 0.0149154732623495 0.247487863836899 0.0848186666274466 0.0464837932303123 0.165079188640794 1 0 0 1 1.75933794490993 0.813062491128221 0.0136818464379758 0.553855386795476 33
0.00693620590771545 0.0177659420423883 0.113987335447985 0.0324147485112024 0.0027218767021325 0.0140601013461978 0.109822737563537 0.0683980582910623 0.170643636912024 0.0597790993645179 0.0672285250945896 0.154101629861144 1 1 1 1 1.16705680824816 0.476208231644705 0.181993168545887 0.41035085869953 34
0.0841351573837703 0.118450997820046 0.0240907648450927 0.319814663737388 0.091409173406949 0.124967643901008 0.144338681428464 0.352656011281714 0.168166661684354 0.112752727356858 0.0580461721268266 0.0623424956844923 0 0 1 0 1.17711958056316 0.644914431497455 0.0495403523091227 0.143317127134651 35
0.152216957040858 0.0835186010660035 0.34077271120451 0.268394268779468 0.141957640923148 0.0729204411574659 0.319354158969491 0.229533321946673 0.240220597058709 0.0942063502645268 0.102383680071669 0.17044574971112 0 0 0 0 1.68119246279821 0.769982621539384 0.222718141041696 0.688786606071517 36
0.0255324493686102 0.105975608828432 0.0687217219187906 0.0611719910071976 0.0296450447726277 0.10625916746284 0.0750913740637262 0.0511978101476829 0.204506430443913 0.121038715249529 0.0942810182990875 0.183156256764757 1 0 1 1 1.64126262674108 0.619784055510536 0.251746017718688 0.749476840021089 37
0.0800357077259221 0.0252623128838414 3.58237851458429 0.33867998211437 0.0873808834383265 0.0284617278896908 4.60735791405164 0.379359959756746 0.17075561825912 0.071997834878395 0.0572936693476304 0.108277528867116 1 1 0 0 0.992088751867414 0.57340398314409 0.0101286671124399 0.198892145883292 38
0.0212848886129187 0.0175027312930719 0.0459931440339426 0.0480893088412128 0.0235226600383688 0.0158459642516815 0.0501341317416142 0.0578158447990411 0.171383158250775 0.0510749778219901 0.0393698002917429 0.167974837006929 1 1 1 1 1.76681672409177 0.479268473107368 0.193412908585742 0.854545774869621 39
0.00747694343710234 0.00483259670619917 0.0105621264658303 0.0110661500379131 0.00425606303799948 0.00294134434958465 0.00966798563277214 0.00367869039300317 0.146815034127896 0.0354563242296028 0.0243455738624242 0.161963070452699 1 1 1 1 1.54564368957654 0.386336194816977 0.126319787232205 0.807476628338918 40
0.046503389285578 0.0207606517617985 0.42677453777286 0.120110311585519 0.0413182808159683 0.0134282035767826 0.629889684392262 0.0987610078651177 0.204836607783545 0.0810060265825061 0.0510694891887089 0.180197082438725 1 1 1 1 1.59618093259633 0.745609080651775 0.0292485177051276 0.627908543683589 41
0.0698144924903181 0.0428564837966324 0.167322704164381 0.210870686800852 0.0690770299232863 0.0425860790810435 0.156332648722485 0.203553771202755 0.189436532984402 0.102960935950026 0.0839306904063 0.110167227742773 0 1 1 0 1.80037733260542 0.866887699812651 0.227296380093321 0.50001604296267 42
0.0225045346655737 0.047252019617627 0.113095729583329 0.0473094744786317 0.0034486079722972 0.0189753171416901 0.240789126177166 0.0921763954635646 0.209770885632788 0.178207621887927 0.121256804910319 0.11536323950836 1 1 1 1 0.917455810587853 0.568465084536001 0.130019178846851 0.214686037972569 43
0.124130461028939 0.0871317025472368 0.217566826714264 0.268703285111604 0.119234123290615 0.0840730121663425 0.208777897522418 0.260335947640628 0.154228478149956 0.0677551292311507 0.048378376757287 0.103810975549099 0 0 0 0 1.42569329869002 0.609800279606134 0.20088469539769 0.445968879153952 44
0.0303777350494187 0.062288217604772 0.0669320853579837 0.0846292823909959 0.0355079101271062 0.0680868704948296 0.0699019415971197 0.0999417459587663 0.144633191827942 0.0462255051372549 0.0294025658935213 0.144324515788607 1 0 1 0 1.65019747801125 0.363643967080861 0.119411256629974 0.937808546470478 45
0.0289037294144656 0.0342198279098211 0.150444357822627 0.010213220189229 0.0179809050721411 0.038607925063026 0.0211425967326645 0.00143006685534392 0.17376651326437 0.115267254829774 0.0826866616482581 0.175386040293811 1 1 1 1 1.78900625696406 0.717816187534481 0.0812688719015568 0.786931170150638 46
0.0305392627364206 0.0101877007404352 0.374548463298053 0.0882455340902373 0.0306564145192597 0.0092152501934551 0.340392000224981 0.0849018417114104 0.193002604737682 0.0228733800804989 0.016310264960543 0.177502701131778 1 1 0 1 1.42885018093511 0.269676957046613 0.0272253048606217 0.729943894781172 47
0.0541463894150487 0.0596344912385801 0.315208514989338 0.102632055459216 0.0581012681120734 0.0659352696179469 0.351418972897856 0.100535651889294 0.127243166198461 0.0838554847812656 0.082531564569061 0.106557336902344 0 0 1 0 1.96896930364892 0.975077951094136 0.0839453472290188 0.565432354342192 48
0.013669247113118 0.0273979781941753 0.0634648365852312 0.0171805628115079 0.0138237263697527 0.0311397783716658 0.0638195145378044 0.0209998713350516 0.0483996945811611 0.0344498273391265 0.0182243683565357 0.00452338858221914 1 1 1 1 1.51161306584254 0.290656073018909 0.0330888901371509 0.0330038003157824 49
0.098009889407902 0.0071091747166049 1.07029174962571 0.244207156996596 0.0945951517575016 0.000797459566640802 1.14794643417986 0.235057596646161 0.259751656868716 0.106172786893581 0.0870978553960077 0.211255095950302 0 1 0 0 1.70857795840129 0.686871864832938 0.0787511875387281 0.805885064415634 50
0.142950288357753 0.00369615010002822 0.332668911923232 0.0524755567841745 0.146094571546884 0.00556047312974664 0.280430452948594 0.0718252102943866 0.285898131978377 0.172074697169364 0.101653590150986 0.186751509527139 0 1 0 1 1.75077651347965 0.786248719086871 0.175236573442817 0.887656368780881 51
0.0519364921370251 0.0725817716155392 0.23899117726344 0.182032445420428 0.0398610005846927 0.0816079956390189 0.232196197591764 0.159039463592063 0.223463819953095 0.0977296141458337 0.0927928033422308 0.197905915589312 1 1 0 0 1.4147145729512 0.573537597432733 0.20333709823899 0.659218210494146 52
0.00744363935709214 0.00110884047023724 0.00131317132953417 0.0804520154046866 0.00217042591314967 0.0014843915198543 0.00164498913273097 0.0637582363165267 0.0849138803761 0.0262930842284601 0.019497226912001 0.071086208738601 1 1 1 1 1.08593318285421 0.375244610244408 0.0723631745204329 0.329942008014768 53
0.0942747524979505 0.105299580929959 0.0134058747478922 0.117090481820693 0.0954959748922244 0.103383878830289 0.0177363125582299 0.0901497257492077 0.277163827014608 0.142205258264528 0.158939665054047 0.216015198173912 0 0 1 1 1.74631665181369 0.868610889883712 0.36691697104834 0.628229703987017 54
0.00381244130204545 0.00526727373840927 0.0743875735139926 0.0213937941930601 0.00211656510303213 0.00571305880191047 0.0256154766296524 0.0177079027522126 0.159389230893025 0.123357584547705 0.0978347256163178 0.040136698181429 1 1 1 1 1.39903084049001 0.873160670045763 0.142407559324056 0.148372888099402 55
0.0219942405632281 0.212745449064277 0.0623475719968193 0.0602778839335579 0.0228111455309542 0.214267134383846 0.0157966350712048 0.060073914836915 0.20523206978488 0.106475020371494 0.0946151557625236 0.184928694631935 1 0 1 1 1.17869538674131 0.318340430734679 0.144795483443886 0.747729661874473 61
0.0382429375167908 0.0592115311252526 0.538459311272229 0.034691839768345 0.0411726661431457 0.0674696755187336 0.559034019800571 0.0523304341770631 0.163435085267638 0.112032473381024 0.125077860704483 0.0561900257527739 1 0 0 1 1.64083431707695 0.948316963855177 0.198992298683152 0.20256760623306 62
0.0135853793992659 0.00698793623887402 0.00625347914922288 0.0260189749474908 0.0196720857222206 0.00589369722762235 0.00465259007980175 0.0366394615918795 0.156318193386481 0.020586483559267 0.0133972594734368 0.163066897228441 1 1 1 1 1.47708100220188 0.304484145017341 0.117663246812299 0.675865403143689 63
0.0570995562505901 0.0327906186413989 0.0138226214700827 0.144641570048066 0.0634966217468626 0.0384207424157961 0.00924719694649916 0.152705309999976 0.173261575678936 0.0412596656892493 0.0261959256411236 0.150093094663816 0 1 1 1 1.43330241367221 0.469880353892222 0.180123190395534 0.490995169617236 64
0.222792858954458 0.0145259683374801 0.198793833126578 0.348541631644287 0.216797122892643 0.0174578801239328 0.19976402488766 0.351658878433596 0.183417342020506 0.0167385369289002 0.0193222441571416 0.188933103499876 0 1 1 0 1.16290254564956 0.183706197654828 0.0405289616901428 0.704619693337008 65
0.0523795478476692 0.0828214130274429 0.0700399521460797 0.129884882449121 0.0528128207744645 0.0826854957573763 0.0692196001676887 0.13844056021275 0.0621960228331984 0.0315177464503673 0.0203468016296411 0.0454442249668164 0 0 1 0 1.27151663508266 0.338516823248938 0.14444093266502 0.247696628328413 76
0.138676175187465 0.142965009810121 0.0429601439424785 0.171564783994932 0.151769198682433 0.142576352402616 0.0459607109222216 0.258423769397657 0.20514682030699 0.124955279927723 0.142452646161478 0.0995834095864471 0 0 1 1 1.07897741766647 0.68392857327126 0.267426738515496 0.201299786102027 77
0.0171136734106712 0.0305740465565589 0.20186529112651 0.127848154836784 0.0174321889750478 0.00573537050826516 0.156541647680238 0.125058612870896 0.234928906211841 0.170264518168114 0.162809342731989 0.218058177071029 1 1 1 1 1.60210255673155 0.830231344792992 0.367578281089664 0.664878014242277 78
0.00996062860045301 0.0410001292488666 1.64965635759137 0.107957623302256 0.0127533350461524 0.0459948514114611 1.78869765304407 0.168062565831133 0.161142268032908 0.100757198632625 0.105726834249758 0.13942942949226 1 1 0 1 1.4811228341423 0.933115994557738 0.0391989876516163 0.317262266762555 79
0.0923598065598026 0.0888710037178352 0.198793253082235 0.0222107610054255 0.085468693978945 0.0942406771229063 0.143520106706122 0.0846097673565931 0.211916152410008 0.134991182141329 0.196538657136834 0.0769203361044081 1 0 1 1 1.1059691645205 0.764175681630149 0.323051849845797 0.158664148533717 80
0.113246262309095 0.125320189310144 0.0559368725376461 0.283290366715829 0.11892056780135 0.136561886430416 0.282141742796885 0.245850258299439 0.180433877222651 0.153189238837036 0.0956292509495661 0.0354589572821365 0 0 1 0 1.27792575443164 0.966991814319044 0.0654663851018995 0.101655689999461 81
0.0891781800128738 0.0775791177862641 0.433756357598833 0.125480255468702 0.0883453160141597 0.0857775622243852 0.319120682417665 0.0920209347023384 0.230879013286684 0.102654400064958 0.100087726044788 0.203003684609141 0 0 1 1 1.77187600219622 0.980679680593312 0.134610302280635 0.602341853315011 82
0.0500386420686978 0.0239533429011054 0.115111963196792 0.135899952092622 0.0574571811585993 0.022564289747764 0.116661378351916 0.160598849937959 0.100459807078162 0.0131346317043472 0.00796274104848134 0.107027488548393 0 1 1 0 1.19855506764725 0.246586051536724 0.0100741644855589 0.383762477431446 83
0.0213714600058604 0.00720789219255484 0.120449691001805 0.0490847895181866 0.0181039018541674 0.00772039872066837 0.120551217503856 0.0407835084213666 0.127769659269823 0.0184532854208413 0.0135433996525019 0.130659552169563 1 1 1 1 1.09902399824932 0.273382934974506 0.0293370082508773 0.509707205928862 84
0.412493597329263 0.463570929031786 0.139179669090725 0.47153368253142 0.358678858748175 0.43539186884014 0.22922557363403 1.65296001757626 0.519982929168524 0.227362772660746 0.186651988180603 0.187686051079265 0 0 1 1 0.681999451015145 0.524251558119431 0.239508895669132 0.0809701525140554 85
0.00533755528207498 0.000266490317992893 0.00400518264453084 0.0034187489671565 0.00530830987551465 0.000724179753517245 0.00916047540554038 0.00529158991315821 0.0219872534818397 0.0104494405762502 0.00537217463994998 0.00933610191151113 1 1 1 1 1.42299400363117 0.259661698713899 0.0134647584054619 0.1624670852907 86
0.281608229786996 0.089387136950998 0.290322778130285 0.315495558054532 0.303372014732734 0.108319827446367 0.150259278049874 0.486123625422205 0.375496346795931 0.151329504715632 0.152296282794031 0.159198503397585 0 0 1 0 1.19886562693864 0.96049494901672 0.210728319361806 0.182071308372542 87
0.0818152613888347 0.055642656367374 0.513116259706107 0.208854586010499 0.0811696532995594 0.0652048127866682 0.568711605639063 0.206896622414689 0.190663078067276 0.119158567301275 0.0929374492489266 0.209703435832478 0 1 0 0 1.56535166269168 0.524979378096759 0.118019520770758 0.90673198364675 88
0.0987352706777022 0.139791316881069 1.34177776086427 0.282406912351762 0.0938082519935895 0.17794725883574 1.40738785912806 0.324492805878102 0.318740294851171 0.182472370291958 0.151707494632308 0.243434587212882 1 1 0 0 0.88625013269484 0.446366888703778 0.148047736380249 0.432289927499369 89
0.0295393285834349 0.0248585773220113 0.0118080812490818 0.069448577689018 0.0351557464345185 0.0265797627589202 0.00858692925221854 0.0744343976661741 0.171075170081708 0.0733854729698444 0.0613374407876147 0.148812010950119 1 1 1 1 1.86671740468591 0.753209598362446 0.167453079251572 0.704245692817494 90
0.0971913080031577 0.152448175932549 0.0501145161741392 0.236888896637055 0.100604507554394 0.157316261960987 0.0587836235618903 0.231068347798099 0.195334681558954 0.154792003858381 0.0902493392769778 0.0440024147826545 0 0 1 0 1.65605641435832 0.964752489235252 0.225094461813569 0.180579631822184 91
0.006429125053744 0.003874569485974 0.0333255358059823 0.0122902040827119 0.00593134760080335 0.00748234044915293 0.0341561989679498 0.0150599633362939 0.036350033825592 0.0214052447214234 0.0139722079850207 0.00818817139414058 1 1 1 1 1.59303466742858 0.269808508688584 0.10133135644719 0.0929480462800711 92
0.101658954411939 0.258232212529988 0.414607291261623 0.0770542351831369 0.108195841700878 0.242013497842647 0.667081723642589 0.0864245707704448 0.169718789917978 0.0754641673602419 0.0479187723565958 0.1671431516917 0 0 1 1 1.28797213267535 0.3027829087805 0.0263984987977892 0.900887617375702 93
0.0458981386291536 0.0436309686336581 0.0457032240913633 0.0675302887655325 0.0423604693378604 0.039810890116952 0.0404993352403175 0.0538537436022443 0.152188961887557 0.0271908910543163 0.0183903970651868 0.152254690702402 1 0 1 1 1.56368562486023 0.402162624290213 0.120756253134459 0.675922867609188 94
0.0903958608951695 0.0672042604410054 0.476790405196458 0.108802572865618 0.0834564006665345 0.0618548404995981 0.634543209966636 0.100277316620001 0.16414650738765 0.0365459421931723 0.0258303902351245 0.190202391283589 0 0 1 1 1.28920260863379 0.365261931205168 0.0161844259127975 0.740825419314206 95
0.140209455326766 0.0315118102604069 0.363175605027857 0.25943604739842 0.147882044127888 0.035823057398775 0.304118736982169 0.267946765195806 0.167141248654974 0.0573588355435989 0.0583115936781438 0.180940537529301 0 1 1 0 1.02984096249565 0.378520963713527 0.0850180946290493 0.509817961137742 96
0.124038450328492 0.0782579643474518 0.298197416632252 0.162439000334976 0.127821849084275 0.0740271220224314 0.271961554107163 0.165991313783487 0.21370555126158 0.0490069046864673 0.0333820752493374 0.196592525883588 0 0 0 0 1.80826173443347 0.45680502965115 0.0636956105008721 0.890211947029456 97
0.0793312808011632 0.049708479104025 0.0654954560970979 0.17617682594512 0.0862699670993893 0.0505737661890924 0.0755254991323247 0.201629858523726 0.190445298245992 0.0722036361415728 0.0531778831054225 0.13639627008397 0 1 1 0 1.46824479103088 0.648094429867342 0.120551144005731 0.435484500369057 98
0.0203155850025496 0.0677006728914071 0.115080522188952 0.4304541663441 0.0127270871719421 0.0774948761717041 0.247196442146977 0.487747940870423 0.166190088938193 0.0983259855416119 0.129904554745265 0.130564425969085 1 0 1 0 1.47360026603565 0.987892950186506 0.103742103092372 0.241834082407877 99
0.255104624982351 0.0780771500879077 0.0941054087282672 0.334163598692611 0.267977836575103 0.0568791424417595 0.135893599968752 0.468293929613335 0.459977606567628 0.138482763777461 0.118083381329306 0.186741767611984 0 1 1 1 1.15167446900159 0.823573026806116 0.0906598328147084 0.205427017761394 100
0.172012740428344 0.063432814650249 0.255792695687497 0.315418916288734 0.173496848402934 0.0480775552735494 0.199779807391073 0.296882008113576 0.265182821172954 0.200733235175917 0.110508276447846 0.185289444958763 0 1 1 0 1.52716022077948 0.737695465795696 0.163626953260973 0.696092047262937 101
0.0520937466501444 0.0446004536485497 0.140101332242931 0.119976849932294 0.0514073885650365 0.0555080516452819 0.118702652654795 0.0956802758903356 0.13319085280876 0.0718905536153748 0.169889811450307 0.117786074037794 0 0 1 1 1.63577365968376 0.986487993504852 0.383424478117377 0.388243217486888 102
0.081719826032871 0.0697866323659453 0.187672839052287 0.191068743953709 0.0719818056123334 0.0626894375619132 0.194095708117909 0.160121877391434 0.201335648613305 0.120301217737668 0.100384520086468 0.117141734969707 0 1 1 0 1.46793189179152 0.842703562229872 0.161054811673239 0.388288215966895 103
0.0250835414393434 0.0572342801588875 0.00249410940367544 0.142427346984288 0.0284986939799474 0.0454570029134426 0.00766199286075474 0.146670930827951 0.189592792237228 0.100207448827206 0.153784500023698 0.180528337884505 1 1 1 0 1.83091538213193 0.862672008341178 0.3240014645271 0.786945214029402 104
0.112686817299818 0.0125831691307009 0.516010719638744 0.0273963109554571 0.111374765910974 0.0218738916910066 0.646357543958215 0.0397109404005183 0.254307357677604 0.195788263812741 0.111743402112216 0.217369219446541 0 1 1 1 1.39914635382593 0.708692834945396 0.0941834254190326 0.600150750251487 105
0.0155479171711664 0.0101898251321511 0.0209475541906351 0.0369555917164163 0.00969666656148959 0.0133254971670695 0.00526931256556694 0.0106388681574587 0.279044762250509 0.132365099457372 0.139048354960428 0.206155541652456 1 1 1 1 1.57524196291342 0.817474620649591 0.25572235416621 0.518341111019254 136
0.066455891010003 0.121780586716893 0.452966943574905 0.572900820410107 0.0709826806269165 0.105192768879063 0.53550936933898 0.615993911617997 0.267718351335015 0.146523978568367 0.0903359261353594 0.230437052464382 1 1 0 0 0.939082272816449 0.512905430281535 0.102034887066111 0.336192601360381 137
0.0623910795657346 0.04753126874887 0.0249409334812242 0.115185153414551 0.057901794029225 0.0404550119847889 0.0257659886213687 0.102744758079635 0.206353764281692 0.0750574231098722 0.0620384985835019 0.184949332957384 1 1 1 1 1.74703015293926 0.655755027430132 0.244433786021546 0.735368025489151 138
0.00763021261864675 0.0123328811381896 0.036633461930333 0.0315979909599681 0.0117570033217287 0.0228072397792827 0.0445534667249742 0.0345219922441514 0.124984831162837 0.0957989133416594 0.0957774740495305 0.0318340859899414 1 1 1 1 1.55536133330315 0.923002098221332 0.217502195155248 0.16478222515434 139
0.146194143152476 0.186419877514576 0.182397490513904 0.281615451985417 0.147516617989089 0.194275683291927 0.156899785248018 0.270217595316261 0.203431101599851 0.1778674172208 0.113414409562997 0.0272983881003069 0 0 0 0 1.53820656752214 0.965009984793141 0.374760367209092 0.106090806890279 140
0.00701640200953727 0.00311691357387803 0.0704682403745234 0.0293980723342793 0.00842239928730475 0.0035196906010309 0.0748522958490734 0.0211563150681976 0.186252438645571 0.164290463054907 0.0871597743564975 0.0278106023971345 1 1 1 1 1.42434225184843 0.802161605563015 0.235966319683939 0.0890944460406899 141
0.00489677256239673 0.00159516507576514 0.0399549216074186 0.0526792836031788 0.00545203123917896 0.0021891793300618 0.0354695830683287 0.0418062538643589 0.0240389967114285 0.00731924995369107 0.009147102826386 0.0276704721914492 1 1 1 1 0.840781179256737 0.232541934354231 0.0478695291094482 0.209006621036679 142
0.0337823924253074 0.0613304844063294 0.023036566568192 0.0870352477178341 0.0363906367022574 0.06240405391982 0.0309022632946422 0.096281656372274 0.0708011210022371 0.0619878318751084 0.0378805969858539 0.0214526577567262 1 1 1 1 0.986797175835818 0.429446791298687 0.126605201978236 0.0880732778459787 143
0.0811585733872115 0.112005027100898 0.169973673725872 0.202407261925009 0.0735714972312697 0.097611733031933 0.181858813841631 0.210021219584846 0.149251226317099 0.11465764690461 0.0908206815100037 0.0389530580065094 0 0 1 0 1.39671241957694 0.801504180300981 0.154004799202085 0.132380713243037 144
0.0962011788648401 0.11399227790204 0.309573929651993 0.200193152342705 0.104382226719044 0.116194866166205 0.298840736246152 0.225274454911902 0.180164264248966 0.130260557149936 0.0694616294386591 0.0563369405769404 0 0 0 0 1.26962660672143 0.704531797673553 0.138853709679097 0.145007730461657 145
0.11371930528105 0.107608742079913 0.127190569208809 0.147081786824477 0.105630359657161 0.101800683118122 0.107214928310373 0.0980909489995488 0.165965090016475 0.0774893146788143 0.110884795186842 0.101619210956885 0 0 1 1 1.064552038908 0.577023763908073 0.22346173110418 0.245023691095412 146
0.00165160886803211 0.00146733550736874 0.124400949447609 0.00719893211340571 0.00331838479437999 0.00141411096040643 0.0400220237081102 0.00386247000884323 0.0576142345060254 0.0376216063267464 0.0359641267203601 0.0253982035619477 1 1 1 1 0.750818411353976 0.406815295806155 0.0401492703240365 0.098647567210719 147
0.267949727904943 0.167894607285817 0.00783694426147824 0.201395222238459 0.276387325455821 0.186168467288094 0.0748478730522008 0.13033016022142 0.298946608891938 0.202557252734418 0.205805845586812 0.129709890450528 0 0 1 1 1.3584800651297 0.980644116410986 0.385580960428342 0.292845429154113 148
0.00695489518264848 0.0505541544031382 0.104381256842906 0.0716122444579581 0.00510305873015904 0.0526797142560303 0.11351845476701 0.0764251631434486 0.0535349173467616 0.0486892678557734 0.0268739928264339 0.0105960109328085 1 1 1 1 1.36884180223569 0.330096299760044 0.101329211844131 0.0603596139699221 149
0.161419077309746 0.0707925746783511 0.0591657657264489 0.314622245886749 0.158420549158654 0.0656652542207762 0.0602526207981076 0.313747615619711 0.193452678229535 0.0602479837353836 0.0427297094270002 0.15873077833388 0 0 1 0 1.86440014280379 0.651545585133135 0.0615028149913996 0.818934508832172 150
0.026308522626187 0.0426859788333459 0.127599271037316 0.0111829451122381 0.0362655516076777 0.0437454856815484 0.119120203112297 0.0482695268059631 0.169162874712964 0.0600991290228475 0.0439258312244448 0.131224854932027 1 1 1 1 1.38163592340425 0.527611131314188 0.117403786629438 0.448260172270238 151
0.00397626228744699 0.0128188243655561 0.0718813352958469 0.00162997421104484 0.00341966145542134 0.012749608039114 0.054521570084863 0.00510824732430169 0.0342076176570605 0.0101929590462048 0.00823658894577118 0.00201939871160629 1 1 1 1 1.05775678157806 0.177588424412534 0.0177894132211804 0.0282952601555735 152
0.359481349576405 0.0108593474055885 0.145935622017981 0.0540269137362458 0.356513574676813 0.00397335141449714 0.0194398795850749 0.0740670037073939 0.239925391501138 0.0503749966225909 0.0308650292452606 0.166424412133491 0 1 1 1 1.09359874390066 0.159678103169426 0.0296433439943939 0.889958090148866 153
0.010397149907127 0.044995822416955 0.0109770101126723 0.0922993182062409 0.0138210164745551 0.0566521478834687 0.0232153707741169 0.0935041987142901 0.188877819761204 0.110584937795546 0.088066041323066 0.183558611295118 1 1 1 1 1.77112595224753 0.694236997747794 0.23965665185824 0.834020861890167 154
0.0633216008526268 0.106448722592116 0.0617023236162225 0.23286127279079 0.0645963670340572 0.103596270482787 0.0834199496049467 0.244969841466903 0.103160449592902 0.0769298507202328 0.0472041125296234 0.0419668042992809 0 0 1 0 1.06605137744918 0.522748469607905 0.107421365566552 0.127208366524428 155
0.0686001417471554 0.374594194734739 1.2811670918422 0.562280324627735 0.116832697013797 0.481927670842381 1.32583291147638 0.683961119576084 0.154108824551431 0.198647101170112 0.0696194821690518 0.00981481680368261 0 0 0 0 1.10832266695797 0.331950969062746 0.0503867527004331 0.0111957301851362 156
0.117099274555704 0.092141877475687 3.80790286869958 0.245885090836206 0.120805270890846 0.0952490948658104 4.88657805409643 0.278497845257786 0.180955300490662 0.10352801180801 0.0662101587553006 0.0879199049406353 0 0 0 0 1.07454392826185 0.687851474154741 0.0110839914996177 0.183898476185277 157
0.0190394256995788 0.0580342455935171 0.0495295971376184 0.298849635985579 0.0160317070800696 0.0657042710138343 0.00347723429361348 0.299905871027403 0.215095651593081 0.184922951636695 0.167131764068706 0.20338201148693 1 1 1 0 1.54691516468301 0.870410940377042 0.241996779805049 0.573902095435187 158
0.122310685233943 0.0369962553332395 1.24627674417083 0.216331947620362 0.122407859530616 0.0419504780498536 1.26246934868918 0.21712698546919 0.17204735099586 0.0445038906130582 0.0476252128319597 0.163898500341802 0 1 0 0 1.50341752544045 0.364615353057161 0.0393503841478378 0.978834372479469 159
0.0589622049234648 0.0895505254317165 0.475006736575722 0.298557925565589 0.0677323138046714 0.1027680677253 0.425692531950038 0.290173350373226 0.143014179717912 0.122729566656225 0.121419523152359 0.0257490567243134 0 0 0 0 1.50929900864139 0.981956452596933 0.24175894097425 0.13243901450187 160
0.230896451839754 0.0271557863759567 0.234974663314951 0.706459918756218 0.256094665493383 0.0485626629873977 0.076276602807838 0.819566630474132 0.458060591062922 0.147584342789921 0.0910292196164087 0.237536499962653 0 1 1 0 1.0724984141998 0.895215108757839 0.0925290181767195 0.240422064904124 161
0.00257511648447523 0.00352924829107969 0.224987898390532 0.0568581681407434 0.00128121788922401 0.00177629592876075 0.220079477209336 0.0354168664591905 0.180220838633009 0.077826546809829 0.0866346768306915 0.123681579735603 1 1 1 1 1.48978677112609 0.734454407822341 0.196147711249068 0.474906536983326 162
0.137723484573725 0.190314282941931 0.393272479590903 0.072640207795285 0.146604009677259 0.194224636994096 0.368456064091848 0.106245305460522 0.151876119246629 0.110465306119429 0.0979846050395447 0.128313069398905 0 0 0 1 1.12406261730939 0.569637043168768 0.178870126837865 0.381576522486284 163
0.0836245355139422 0.0187206110550668 0.175438572480363 0.24704314669542 0.086632459371404 0.019188081008788 0.199976961429881 0.281298949652153 0.145597322776951 0.042835893518238 0.0630201508675685 0.148147155711277 0 1 1 0 0.98847237508744 0.4490358941257 0.0686415566597134 0.353760935831815 164
0.31794759217851 0.348247305369629 0.564260685642443 0.393725357257582 0.318679083619942 0.343021458982861 0.531166596094535 0.479078922944423 0.262864046479013 0.209935112079959 0.113717192665391 0.139171854792243 0 0 0 0 1.27828373992816 0.957511524669826 0.309466864448041 0.197700741700828 165
0.243009587126884 0.103764065913693 0.257715693584046 0.193612414067919 0.253051023977021 0.126575852199379 0.220275630435973 0.234503488592418 0.334780115682882 0.155033004502336 0.185113269394033 0.229719827902908 0 0 0 1 1.52383935730904 0.979973334353417 0.392055964563042 0.419369439361617 166
0.0698563322112332 0.0708209519383762 0.155566189689251 0.160118367467183 0.0710994626967599 0.0798884335453569 0.108432800636899 0.164012110286457 0.255130935602802 0.167321649926214 0.19036845468967 0.215012725216854 1 1 1 1 1.55932332854718 0.909628820372745 0.346053831046447 0.578456909395754 167
0.0778341131039615 0.132186295419527 0.0424480418903442 0.197839913428325 0.0788655532914899 0.135521909517067 0.169459691604566 0.156207649992833 0.283453592301466 0.214856870555022 0.0977949987540866 0.173994229374848 1 1 1 1 0.985249753575772 0.596414080820978 0.0866091959178448 0.444711872609332 168
0.0988544423134978 0.0374631275050674 0.214834384648851 0.242625770928901 0.0941493440230203 0.0389139233830143 0.23809475696915 0.227172953421205 0.184558524013753 0.0386900022114339 0.0332266399315851 0.187451403326303 0 1 1 0 1.34134643431753 0.40654869005084 0.0352221366483718 0.689255224307999 169
0.0105913105627159 0.035188139298131 2.3331101065645 0.0663109791090034 0.000406402981157828 0.0230004663255901 2.50039113269637 0.103034560680947 0.164039645833209 0.108561074883099 0.101129607663955 0.0986970909475369 1 1 0 1 1.10192432953045 0.717693654587492 0.0351791169960052 0.215632509440184 170
0.0312252365079422 0.0563587009764222 0.147614245023557 0.147278051598095 0.0253771271841547 0.0500579501229262 0.157924099127282 0.148339217067983 0.150660339150756 0.100411251290105 0.087937290589603 0.141720568036198 1 1 1 0 1.7907443465665 0.775482065277174 0.264216295443475 0.63058475125581 171
0.0439932398522059 0.00665250256057135 0.116203369536716 0.0940543699998887 0.0523786631296263 0.0033147765177497 0.120968375928216 0.0980238187783808 0.145974002681303 0.0855235681864875 0.0679301679475084 0.143539025706723 0 1 1 0 1.95471557183191 0.657677088864148 0.223339004209265 0.889333772007376 172
0.0366777519457954 0.166137420644835 0.190621759089384 0.149801937804346 0.0373276467880358 0.135253395063498 0.0789677947083273 0.142024846682553 0.238413775825707 0.156744762417163 0.169485454522755 0.21579556240154 1 0 1 0 1.65332983154804 0.763354301219806 0.200457122875378 0.792589518008754 173
0.0468939191264626 0.0215800943240314 0.344037181121214 0.131606611909802 0.0369680231770504 0.0131206577441505 0.502789188365224 0.109048133524488 0.21568118688054 0.0994329586322061 0.0603347514906359 0.149143954814394 1 1 1 1 1.60199154913425 0.785008261213079 0.0421286020427942 0.565750573528931 174
0.0873635617999882 0.14137955956878 0.125862611374906 0.224679626580341 0.104912896962013 0.148835109882294 0.0868709013083943 0.320302822836012 0.151637715398903 0.113965710845752 0.0993985684308008 0.0456410390103643 0 0 1 1 0.842823148705065 0.4845108485315 0.14580877055414 0.076409196248278 175
0.0373573725313864 0.0921622764400225 0.205510765369702 0.00818578035428189 0.0405199105079216 0.0854623091214093 0.193347846078338 0.00389932005577373 0.215337271095709 0.0805789807582949 0.066306858799227 0.177056963507324 1 0 0 1 1.8381939609535 0.78171121655032 0.225660758791491 0.627353398129344 176
0.0668867218422255 0.11527207393785 1.70034648376362 0.232423786536884 0.0710670741882939 0.11586962497638 2.19676342402759 0.250476060665279 0.15114998587149 0.13729803212292 0.0434184933411768 0.0252146690308649 0 0 0 0 1.33564538834617 0.695099112112075 0.0125865454319865 0.0668667070567608 177
0.179054736062813 0.0563255100745231 0.263230153477155 0.393111578206528 0.173243259931694 0.0509632984679101 0.239868933083925 0.377309938598936 0.200811912431797 0.072159911209243 0.0649670210293051 0.157565369906777 0 0 0 0 1.90068123163655 0.712016752688214 0.139414644101635 0.855704821646214 178
0.0679455823917867 0.0380385522137526 0.0295049786427151 0.157193239370245 0.0458943858932073 0.032349541450925 0.0418149482541492 0.100630909146381 0.196740712894797 0.043607675010001 0.02953958046886 0.157653888053432 1 1 1 1 1.42736915498972 0.477078812429681 0.0982321701012552 0.545725685544312 179
0.0100759761986207 0.0390005095331975 0.761903108636104 0.0661765590938494 0.00378956162205771 0.0411497966148859 0.801184250735812 0.11799744590322 0.0665337877640132 0.0277440825010509 0.0502051941050177 0.0469641395224524 1 1 0 1 0.606932490132749 0.297955380054191 0.0416473317891359 0.113513928372413 180
0.0561746412000282 0.0369329362474147 0.0361969660474882 0.142539121269916 0.0641493729830561 0.0370048387992495 0.0463757757235174 0.1419306580134 0.129191231915099 0.0842554621574079 0.0750582531758474 0.128577419131288 0 1 1 0 1.98694147402421 0.906940113054588 0.09818378649652 0.708025241270661 181
0.0708972245479657 0.0948803555529327 0.0105028731183685 0.14849979728559 0.0756127954525829 0.105202820783919 0.304961695932835 0.137570823941416 0.148656220635921 0.148148804895223 0.0619875101863011 0.0127699379379889 0 0 1 0 1.359236179851 0.944579614093527 0.0414148566778749 0.0452963872812688 182
0.0777050601787046 0.0859200092474549 0.147934735091927 0.0894088171738294 0.0777701556681526 0.0877482240365098 0.366660117494238 0.0803942693109768 0.162301795989201 0.131655874207297 0.051507158703495 0.0408318858371914 0 0 1 1 1.43707517627627 0.920840727863833 0.0357172368094325 0.145527405897155 183
0.0676608726788408 0.0264435650116362 0.0152739454076871 0.158268098859236 0.074176561025746 0.0296789644066403 0.00556211909894544 0.187324659947882 0.162905782125422 0.0438842658759974 0.0327560989731028 0.141572619649134 0 1 1 0 1.35790231218562 0.496043074177578 0.0450264550745487 0.461842213524505 184
0.194340627085182 0.544261223943417 0.476099530745736 0.646509130308057 0.190187207984561 0.532643450809458 0.333926772248344 0.695091873131326 0.189929981017989 0.197030044541395 0.0916476912624942 0.0114664353040121 0 0 0 0 1.12313216738403 0.501908174483106 0.129360229941085 0.0161895796190947 185
0.0502742453747239 0.0604566723571217 0.0276216858715288 0.0883346925681651 0.0555184979038797 0.0632924719254011 0.0281818020341457 0.0996411644186069 0.0917341718883664 0.0541696689387032 0.0280199463177168 0.051997382386796 0 0 1 1 1.178340413142 0.494485738920048 0.0818103586789221 0.215526681626216 186
0.0358048677521384 0.0358051797298191 0.141956743206379 0.114369639257718 0.0429467344950673 0.0388604280134588 0.117553332836174 0.120587108828374 0.156121599181257 0.12931830972635 0.111125866527015 0.148173845227747 1 1 1 0 1.92045643739402 0.8031748351641 0.189802821958438 0.925824423786253 187
0.109137477389602 0.131071307361555 0.0498221671786347 0.250088551090595 0.0890518718673055 0.112383890765054 0.0315318869788523 0.187407831550467 0.213731162553001 0.130107648055299 0.0748009605702569 0.0907385296546141 0 0 1 0 1.6402641357854 0.823904419085011 0.262003395706415 0.337931318208575 188
0.0829505039723277 0.085540597366069 0.268290943640771 0.0088771461823558 0.0925764205013381 0.100149265445167 0.273328236241032 0.018244325227416 0.176028123719297 0.142093902909927 0.118068253541578 0.0356900856477639 0 0 0 1 1.52432573214173 0.956013550283387 0.281830614199862 0.122349533485249 189
0.138520000084627 0.0116837188704255 0.0842549366170305 0.315591162797471 0.140197494088601 0.0125703590557913 0.0680417799353072 0.310370510127054 0.262997881353288 0.121660026097622 0.133562215715053 0.246376511370742 0 1 1 0 1.93882315373048 0.759312282549217 0.322472184430808 0.948755883146077 190
0.0517198714838383 0.000676886032529711 0.0369694568972591 0.147425280112177 0.0510572331084772 0.0038943408398656 0.0195976766004045 0.14651465742235 0.204656995922173 0.102527658693616 0.0827237981365962 0.162495611200033 1 1 1 0 1.63244640594348 0.756891311844811 0.133887659525499 0.602062438381836 191
0.0608174388923044 0.0532090057249879 0.290627100260543 0.0386948462369692 0.0549442956512966 0.0443494446733696 0.253791650981603 0.0129003183839306 0.243827190386554 0.142149902208518 0.150488856393769 0.176189053386928 1 1 1 1 1.53095308877528 0.755688140168786 0.286874482640997 0.512301544193178 192
0.0365913980025364 0.0351369652624638 0.0872543679894908 0.161491654464757 0.0425216721790601 0.0358591566038944 0.0876712242085524 0.181699107619046 0.0779915305151937 0.0220890605414631 0.015944636542384 0.0698044152811801 0 0 1 0 1.16000853152946 0.323013395769522 0.0831337904091924 0.282235614722595 193
0.107109351821662 0.0558990962986783 0.326238501641429 0.267742005252331 0.10462361776401 0.0679581384528413 0.266953542418102 0.217219433462698 0.174787064743588 0.123112418027757 0.127493188016842 0.100738951961328 0 1 0 0 1.52956337342039 0.934540497371927 0.284737705951557 0.397952742408961 194
0.553347582252584 0.245045709036187 0.534960868243384 0.496740758036075 0.485570969297767 0.25593365006375 0.474426682669794 1.48935534531158 0.421570644049818 0.222563327233978 0.10965415816981 0.194571292940511 0 0 0 1 0.664563896600157 0.515438844915479 0.226062421454117 0.0837466774974018 195
0.0483123160838701 0.0896667232703439 0.0420612107307488 0.0350881345635362 0.0457090012824997 0.105342001412226 0.00463675561619604 0.0323955571020035 0.221057902386423 0.110951855481212 0.0814933156137654 0.202190810076583 1 0 1 1 1.60118129756302 0.656702967593446 0.101604444673285 0.709698690334335 196
0.0353690550605424 0.0394549967491066 0.0377876860485917 0.0623119113338366 0.0396527192016367 0.0431099543732543 0.0715817761159018 0.0804394314341473 0.151111661633903 0.081543405727599 0.0821297721092015 0.145521216318895 1 1 1 1 1.46972951339558 0.40948500437662 0.116472315974534 0.924870951566845 197
0.0400835807418835 0.029836852190941 0.171414456400186 0.0898744955150915 0.0442647496788773 0.0339253491013121 0.154315307198847 0.0667021689941346 0.217880239332328 0.160354271423084 0.0932342869762011 0.0620716902989371 1 1 1 1 1.39173212274909 0.756239363923669 0.179174945922568 0.181657673092559 198
0.0803413336854289 0.101599716106105 0.193030800430168 0.167598519078778 0.0909451783848957 0.114624784134098 0.225257492763784 0.224531077716753 0.190989712617087 0.181540073280868 0.125899035120735 0.0186384990996455 1 1 1 1 0.973538557533175 0.641095100902021 0.206235908903182 0.033094123005867 199
0.186950969766801 0.0812638243483539 0.0936684318730818 0.389318885281653 0.196477837466067 0.100785474903766 0.150319534293692 0.45152537171585 0.331080798844707 0.224705521008038 0.168515089955568 0.228146098749804 0 1 1 0 1.24790241103619 0.871999710332602 0.249796278541908 0.345499760471284 200
0.0440298084812974 0.0316946808989247 0.0424064200359699 0.0971023044750833 0.050109679922953 0.0307420605234534 0.0511123394222981 0.113060082570753 0.121345847383009 0.0654746087528452 0.0430042512928505 0.121166061103232 0 1 1 0 1.85097278701141 0.528937279013917 0.0520892816130072 0.989512429339811 201
0.074604304925167 0.0032876370166698 0.0770816241232065 0.149755019020293 0.0681685048735046 0.000858767721387112 0.0772264464297886 0.131428063366805 0.168823282323546 0.0348923311304246 0.0212139212327814 0.171592496938078 0 1 1 0 1.58239646442235 0.397302686003968 0.0591805526055396 0.776961137540638 202
0.0400957045941273 0.0535815841549718 0.0660889189810485 0.12596803979011 0.0312438734938366 0.0474995141325138 0.0846004145690937 0.078601026686206 0.18779528354043 0.138379301457555 0.124191523485628 0.0608074216353454 1 1 1 1 1.25538257369772 0.796941115288064 0.333101292140782 0.176965203369036 203
0.00540348840536122 0.0415595004961007 0.0694148493620808 0.00929597671326872 0.00197982214734825 0.040647746456006 0.0932788966443104 0.0278431420545296 0.156873203166871 0.0426748459784819 0.0271396128644489 0.158777483760447 1 1 1 1 1.71938762860373 0.456801910419017 0.0830688297282904 0.85228689876385 204
0.0201221845048267 0.0429633756888423 0.170472295039998 0.0217029853106007 0.0228213466678757 0.0473012637731365 0.10631757170216 0.0194469173863964 0.197761875292675 0.112194311767762 0.0965133234909406 0.166521567518888 1 1 1 1 1.81633643060923 0.909500961424783 0.122209927765653 0.6547176821623 205
0.0412728096552403 0.016832689860391 0.278813032134131 0.285642949338186 0.0289978647584474 0.0205808749455656 0.330671712569318 0.35140186593804 0.270663045797295 0.212968907725117 0.152225870210724 0.196418678377696 1 1 1 0 1.15281609119847 0.679867408471182 0.227055517258123 0.377415033057332 216
0.00132293548302245 0.202778006114128 0.225408582566325 0.0253378259632531 0.0110968198671738 0.210551611827371 0.317993148073597 0.0112575341226823 0.19472394628988 0.0863849601410686 0.0641879677617622 0.187727774740245 1 0 1 1 0.972116743214428 0.23517226986587 0.0623948751017451 0.653171964921057 217
0.0848392192114993 0.093410838739768 0.245328048216428 0.286671330930269 0.0910014018852093 0.100918652501686 0.195322557534006 0.273622025468823 0.170021807634832 0.134140334037858 0.128077601151036 0.0466762965931038 0 0 1 0 1.38899537175894 0.938933167606592 0.230320752598345 0.179845158243552 218
0.0132963902070599 0.0259626417030875 0.0526810322239672 0.0614705428621428 0.0177127477889651 0.0335698218924922 0.060508649001573 0.053131723439668 0.160945688776591 0.131506139177287 0.0802551824657637 0.0341668882527263 1 1 1 1 1.4663161765784 0.878443313529715 0.140916312579066 0.132981326896697 219
0.0561356997577177 0.0139557427566071 0.0543211313261331 0.0735949519584762 0.0507044968007871 0.0121712856834948 0.0522525470505818 0.071883594104195 0.168351326450773 0.0179557928829994 0.0134438952560355 0.167452370322788 1 1 1 1 1.35554568236694 0.248671068809927 0.0762626677751541 0.73496555024758 220
0.137944040815699 0.105152922646688 0.435318815122887 0.571257904685773 0.132971825330944 0.103245561291773 0.49285727600996 0.614849360969442 0.175894041707093 0.129027373012384 0.191907140241604 0.0859353207967941 0 0 0 0 1.1060280376114 0.774330290034413 0.270527693443 0.138484119437635 221
0.0192644401043052 0.108064325057081 0.00197389863020835 0.127890558751726 0.0267818797897267 0.107354425818303 0.0220430784704398 0.137551585657209 0.157198308289137 0.138562775947044 0.12423388558743 0.148577283429942 1 0 1 0 1.89588631968945 0.708557615056634 0.24153565755114 0.956799488980323 222
0.000790933942977626 0.0237813940265564 0.0132486193019773 0.0464502440039286 0.000354661840308325 0.0321516842858505 0.00361835980017906 0.0535707062813645 0.142665580693557 0.0853651519556416 0.130891599247569 0.138616188154236 1 1 1 1 1.81976338336244 0.938762180740014 0.389708815608174 0.567386947339401 223
0.0470711127248375 0.0130904940138249 0.169304684272286 0.112515308221323 0.0438863939809762 0.0127033173931145 0.180364397818213 0.104100785926714 0.130232022029776 0.0214230944699598 0.0320050631780403 0.137498534002853 1 1 1 1 0.83203113777563 0.218607596121728 0.0799105186015368 0.452068159822375 224
0.0748977202041825 0.092598172242135 0.182293082368983 0.0954490804027656 0.0833794915044599 0.0941280626372558 0.166419013890579 0.15737743468598 0.118091072629026 0.0641626866590584 0.0632571042488519 0.0653271888169596 0 0 1 1 0.837685819715261 0.445561016211286 0.169446449261159 0.158804856706411 225
0.0590116269581662 0.0575914949863844 0.691738675938447 0.0350718350012571 0.0635457784031979 0.0552627920154466 0.952156040124428 0.028709113793272 0.191945047551359 0.146608144617834 0.118055541304806 0.0531611468202506 1 1 1 1 1.00655668321997 0.762241031508893 0.066403582226485 0.10132193681784 226
0.462394247398667 0.0692165050651182 0.664754143889871 0.0310952466121025 0.444571271513232 0.0445040401539081 0.800071738182236 0.781514482798926 0.520387749898432 0.256608487698133 0.208027408925583 0.111566357187959 0 1 0 1 0.908536927308887 0.717416331870481 0.205439436249435 0.0808513481169939 227
0.0364023656606708 0.0195966398979408 0.0119551896235205 0.0778497699102257 0.0296246659459724 0.0214681835909114 0.00838691485317621 0.0680120417764663 0.133912151796855 0.0173338550490422 0.0106938416131019 0.133394424790954 1 1 1 1 1.44828481273726 0.252548420568928 0.0846782319713384 0.707542415009812 228
0.0473139318694253 0.0396548692223356 0.0302051924326653 0.104695100944425 0.0411679166683971 0.0359498021514353 0.0331838130143624 0.0816032318579598 0.129245027378241 0.0555296963605461 0.0462680075124834 0.093869885060995 1 1 1 1 1.33494819235057 0.584868450183421 0.162979480344802 0.411473485641181 229
0.172785081127521 0.0772648730366613 0.0752916664526775 0.38135393630959 0.164376366181878 0.065541732965233 0.0597769941193379 0.368042165550634 0.194255631596709 0.0921153024673093 0.0896534815962174 0.129066117751833 0 0 1 0 1.8392418762669 0.801497071515769 0.217258434044197 0.73130578850396 230
0.0195210126253497 0.00583526654007173 0.029891397098187 0.0815318677901611 0.0186234716279401 0.00710932341638636 0.0299996740997094 0.0838019917529734 0.201458141873486 0.0974425415799843 0.0814501823211773 0.138700652501317 1 1 1 1 1.72145139519125 0.823352826060727 0.240905507700518 0.4935855534859 231
0.0106452241062256 0.140846353921873 0.18892001658797 0.185990267553883 0.00611667262639232 0.145138964948736 0.168572189156134 0.163492526528486 0.264935105544342 0.186091537655409 0.122143273349265 0.166027181560636 1 1 1 0 1.45034931367263 0.608633858384565 0.263107093283907 0.711544458055869 232
0.0308110428369725 0.0400216557317194 0.131782706166989 0.114373813372647 0.0373154741888651 0.0453611937092728 0.137151932869594 0.144211812886479 0.152098592611691 0.0819883612073694 0.0458365528953303 0.0664825871510022 1 1 1 1 1.33685864880681 0.614469251828268 0.113146059215069 0.214217677945271 233
0.32222899933045 0.394500278240345 1.195867544372 1.06059178450295 0.306178202488315 0.36816399139787 1.20242971982091 1.08934454786322 0.180147677065697 0.142510550938681 0.152410425234876 0.0471337298124877 0 0 0 0 1.00324484985322 0.632390009472147 0.240826082648709 0.0664451990742236 234
0.0976859811952563 0.0965607402431674 0.0526454519772966 0.233009006803727 0.088217182353382 0.0900346995153002 0.0470502557550361 0.205787396686946 0.194743267017999 0.11218981578006 0.0693634119501201 0.0796869358160323 0 0 1 0 1.57469424372539 0.918568234657869 0.0744686301331967 0.342334853718057 235
0.0153062360888611 0.0273614628727078 0.0167123586165678 0.0620080286223107 0.0172229618522811 0.0262086494416596 0.0541952647787309 0.0422927493489569 0.180696253704053 0.0923446938303173 0.0871261962027735 0.124466935063716 1 1 1 1 1.78813740937039 0.91307457559742 0.101012578234076 0.487633841345087 251
0.0573232417984495 0.0546293537482316 0.134133133510461 0.135032493749211 0.0635507615913752 0.0624810776633212 0.141416983332212 0.13971333661067 0.190083436999096 0.0947918737773165 0.094812486385001 0.132808613832863 0 0 1 0 1.92218704707921 0.935765326721594 0.281254440546036 0.573805344756693 252
0.0259709340599157 0.000637279978979227 0.000672307419905117 0.0584792355780031 0.0204440499315007 0.00169267053093012 0.00376894149441932 0.0703509546986843 0.0921338774939555 0.0435605178292537 0.0291112354070786 0.0513894392033539 1 1 1 1 1.2400305615738 0.409042612183839 0.151793584693223 0.216700365999714 253
0.0440717436226748 0.0477830497224759 0.129140577629955 0.113656169412756 0.0456468488342519 0.0526700577969006 0.114288356783774 0.0940849586173454 0.16522369353965 0.107924398164132 0.0828265684340262 0.0572903138885313 1 1 1 1 1.63544499548152 0.902533745625988 0.199883616063744 0.24738468718715 254
0.0734150151491411 0.0921031900059274 0.154355465578975 0.0625214529449254 0.0715343299011953 0.0963075157285945 0.254936730695989 0.0333627483949952 0.207408343297573 0.118751330224296 0.105659677322374 0.125133155899865 0 0 1 1 1.61720623308793 0.955123517196625 0.0827891586814076 0.368115686113015 255
0.610281404899439 0.0892936876111852 0.657718889074347 0.25622370527512 0.572466432969467 0.0711324268594791 0.812536555249707 0.302859963132151 0.227023380551979 0.0590357746346589 0.053294231910692 0.243285357754118 0 1 0 1 0.521806317381561 0.144237740896642 0.0417226436547935 0.395344225689769 256
0.124144059186796 0.160518942076733 0.126880397920643 0.553478596112524 0.185589180125479 0.18576313252955 0.260302797512952 1.056446843222 0.474274636865061 0.241052118415615 0.157324688817028 0.104721455348409 1 1 1 1 0.711853267624974 0.507010634988546 0.182860912987962 0.0638208058662713 257
0.0166336774402222 0.0100491361182857 0.466387678397244 0.0716560767315649 0.0234965150604583 0.0177096785062745 0.381051276511175 0.0437635897305684 0.133637242593883 0.144939929688428 0.0675180881624373 0.0124705932836871 1 1 0 1 1.19542298233137 0.573836805298924 0.116344299167395 0.0366433025337756 258
0.0480177240998662 0.034565175683364 0.130781268436418 0.0674328264400353 0.0452569930869392 0.0343720654282669 0.118370933028697 0.0790411003673055 0.186117594857341 0.112603763215488 0.103978356663081 0.168989332134642 1 1 1 1 1.6240174616687 0.764604459283873 0.288131225388497 0.577654595021158 259
0.0772244721101422 0.00192857710318147 0.319290083843584 0.216765157601388 0.0721589008591711 0.0077471402335037 0.319058328431947 0.185057585760053 0.188889283533152 0.122417227037923 0.114840563105896 0.1872088147167 0 1 0 0 1.74992245435715 0.876158735016361 0.303989207837731 0.66394605813548 260
0.106739063244395 0.171573996909236 0.0659993136646189 0.277892817182818 0.123758232850343 0.186514326112318 0.000731666184782189 0.331339526031969 0.173880427618241 0.132082576994191 0.0745423314040943 0.0684146705021692 0 0 1 0 1.12026097625494 0.536073958966881 0.100445128977299 0.12252656230703 271
0.149285700360501 0.146100631157391 0.00787472345494043 0.100544705559445 0.146956834631138 0.150382697049296 0.118436604859889 0.109631281771207 0.219674326856466 0.173055450658399 0.129438208785688 0.19040919817533 0 0 1 1 1.84327095746994 0.913819298846647 0.138221374480054 0.878319996874779 272
0.0251825408481608 0.0475394156538237 0.0225771301619225 0.0944368300409397 0.0370046690261275 0.0671780831645818 0.0228887158408027 0.0903415366597428 0.133260652885211 0.116376557625709 0.127115880258097 0.0234509447392629 1 1 1 1 1.52809293754399 0.950500389561057 0.399249396519735 0.0965228015556931 273
0.185416398381715 0.194035340103515 0.251512216233574 0.267119973078907 0.183515803375612 0.194248328793434 0.157953393745889 0.253405965193101 0.181498287644919 0.145515144058308 0.103051001773325 0.055919913059442 0 0 1 0 1.500050005503 0.997921239351854 0.151887108106166 0.182090602582321 274
0.030244404165269 0.00698128979157601 0.0294447734192708 0.0887435673444463 0.0304264919704791 0.0112647062689168 0.0316687826085046 0.0923589565733617 0.190362747369071 0.0763195805729064 0.0674266172083285 0.145340650692756 1 1 1 1 1.70208816137165 0.719789093127474 0.151584261795506 0.54795736214146 275
0.079912750595454 0.104935393214476 0.143208018329916 0.167964325572696 0.0699718481589983 0.0915626750901586 0.147180569296232 0.12212952316456 0.185165109411719 0.153348832536335 0.124345839969482 0.0417572904456056 1 1 1 1 1.13958943914622 0.778432087274268 0.214409601408988 0.108317112317309 281
0.0231861804930246 0.0175471521190462 0.0897162858321616 0.0426226377195137 0.0213964872581643 0.00884809005432319 0.0424005146898751 0.0305161128587666 0.286250810363237 0.135173409028777 0.0970289481121799 0.213325936759034 1 1 1 1 1.58546875836328 0.766697247512639 0.0901324290316552 0.544701796490699 282
0.385333516087379 0.106357756359425 0.348969852275067 0.0618095924820446 0.392232172317676 0.128664039901801 0.309224215003898 0.109246079211224 0.412131472780815 0.21577435005983 0.170622725346777 0.232637175398892 0 0 0 1 1.46402684506029 0.906877311412245 0.383161519886926 0.452099466929212 283
0.588512687906803 0.0964494438383704 0.0444465901503606 0.783730997351712 0.526053914722299 0.091097861923958 0.00409974153479508 1.02045826906225 0.368672893793999 0.170198562825724 0.123128624156968 0.20016726955707 0 1 1 0 0.722954983823001 0.483353991061449 0.22358331666328 0.142515388317406 284
0.184608106684071 0.267783833806582 0.43786970129714 0.0573591956287533 0.17525543513846 0.259964522714388 0.467088912158435 0.0287962441849291 0.135656368281734 0.0408490122948288 0.05723993915748 0.120914803623864 0 0 0 1 0.931502673309296 0.387704362859949 0.0741710066795349 0.313856648746878 285
0.00199380352925792 0.00212219468874695 0.00402045581128593 0.00290952369044877 0.00208700434947074 0.00462107413126965 0.00128047898875192 0.00402930403088072 0.0221031311142181 0.0116049998143778 0.00691528223445372 0.0113066136754104 1 1 1 1 1.41005909396335 0.244683145079762 0.0340878223069012 0.168682067422196 291
0.0227356319911439 0.028218249546123 0.072109354591413 0.00885382182390496 0.0233518813036248 0.0322936203429148 0.0399275006042555 0.00853568920829576 0.0547054506662414 0.0495099365641665 0.0356328119065429 0.00484438138740486 0 1 1 1 1.57352373283356 0.280302762752399 0.102956929709762 0.0256734718568623 292
0.0104068336399157 0.0133776137217773 0.202358629473581 0.124601311769631 0.00698795707085079 0.0122727362467236 0.254937697520695 0.102995924093738 0.219773055533426 0.182827461001596 0.141694125678707 0.136891866605513 1 1 1 0 1.58305845782161 0.7338429200463 0.200736505445093 0.791931932559237 293
0.173772436734091 0.112504588805733 0.46027234804419 0.372460502946001 0.168804873881273 0.103335971008117 0.508501042055153 0.43130408341705 0.212714157511752 0.104990860541302 0.109046242165651 0.175151319258423 0 0 1 0 1.38606266444549 0.802799242548645 0.0877237906679511 0.320161047624424 294
0.237863033426271 0.212565638501184 5.3342852626299 0.905283799045953 0.288231266392676 0.203264026352101 6.5927066222202 1.33412662067233 0.585259823434064 0.224665985604439 0.100880179008925 0.247309150155036 1 0 0 0 0.920055143535137 0.606300436891615 0.0130039346404374 0.13817943376489 295
0.0673613205894687 0.0103146342941871 0.289862441971364 0.163972962726295 0.0626980033882138 0.0167626779547895 0.257343352630318 0.149115679985827 0.198357935164596 0.116324389015445 0.104182898128951 0.190344238297908 0 1 1 0 1.79070469737053 0.89083138667047 0.162868660409003 0.670584966195747 296
0.679618346671231 0.0895465368522966 1.03207917284861 2.90920052862987 0.626777190649355 0.0629145641523837 1.44676993349367 6.21791328225625 0.385940582297269 0.185867378082302 0.102889136843279 0.378056405529101 0 1 0 0 0.964187714736909 0.769710404565558 0.0440899557434022 0.0390170158352703 297
0.0104732096572024 0.000423814786328931 1.44664013309071 0.0876673843970238 0.00255545338093843 0.0108487765684056 1.58184568109019 0.030904596300831 0.14100893151292 0.132572207976114 0.143117919334645 0.051015356174437 1 1 0 1 0.503987782634795 0.297510974574834 0.109791579656303 0.0641074627637863 298
0.0467734061979066 0.0338123466036132 0.149631362274286 0.111919366869037 0.0540232019259887 0.0557241797670939 0.139799232907182 0.0739770178210192 0.167468027031783 0.0991495775164047 0.157695619281929 0.122898802397821 0 1 1 1 1.71992877870798 0.962288394104689 0.323554534465075 0.362579485634342 299
0.0306695719418049 0.0300050477500297 0.0316556638434142 0.0686464718268443 0.0346706635433611 0.0304582724468623 0.0302768031645284 0.0924628892091508 0.0806093386771867 0.0274662271918111 0.0183470974156462 0.0663731729102034 1 1 1 1 1.11324390536174 0.352434324100614 0.130861902842298 0.289780315943062 300
