"V1" "V2" "V3" "V4" "V5" "V6" "V7" "V8" "V9" "V10" "V11" "V12" "V13" "V14" "V15" "V16" "V17" "V18" "V19" "V20" "V21"
0.0715729897700994 0.00717899932044137 0.00881427608136636 0.149687514872334 0.0656625675969854 0.0063977989023936 0.00799649715295106 0.135277878731105 0.224465437478563 0.0152081119338723 0.00694060178877506 0.232664096271017 1 1 1 1 1.14665266964585 0.309101206250489 0.132272714981809 0.566016362980008 1
0.00129558816925225 0.0005099068123338 0.00133113477039359 0.000920802886954003 0.00121625479778867 0.000387794716252954 0.0014129702757033 0.00142220943087599 0.00763117217599363 0.00375504619054456 0.000479812018151289 0.00339403896254853 1 1 1 1 1.0039397617802 0.326628328999504 0.0247715967707336 0.162711632670835 2
0.0623586436198988 0.185449582395685 0.294973221153082 0.285731497252148 0.0696709570151282 0.22403028290787 0.378190686170456 5.52351771859623 0.568043762160993 0.326286045425181 0.492340204347653 0.010037359971905 1 0 1 1 1.54005571315065 0.942784613231197 0.36185066960752 0.0127429524436593 3
0.526176585474598 0.324433455949708 0.394072463236263 2.65092584918167 0.588135425481951 0.330664535921541 0.390703729780747 3.60223779570471 0.434380496418105 0.14840952152019 0.023654422182395 0.357916045373435 0 0 1 0 0.701285149902105 0.456748500000685 0.0254929212387651 0.0783239570446312 4
0.0891466747917618 0.0197360962987416 0.0118660604623522 0.194145469489054 0.0911867344026138 0.01514292049363 0.0102670373101731 0.196049590960936 0.29004072813091 0.0221768880165091 0.00346005557181564 0.316119352045172 1 1 1 1 1.33121683495119 0.304883275413886 0.0177239710465074 0.692625114694238 5
0.164216059210836 0.0717796383140287 0.0721266838592191 0.288619851092254 0.166987567824809 0.0715751328378524 0.070400264024764 0.280460556320856 0.360938639834581 0.062823986702051 0.0152645086207753 0.322676917834193 0 0 0 0 1.79029444232583 0.684289930388331 0.149843604303896 0.869767326395959 6
0.105464685427181 0.207084833919084 0.240751322032319 0.0262969236820541 0.117231367791121 0.223137618906423 0.270799073949708 0.042097640212902 0.381907017049603 0.287540369661576 0.0597092046972228 0.356524199581337 1 1 1 1 1.14349149307236 0.536283893976361 0.0915618345607072 0.524219667539001 7
0.0283691878857206 0.0344116278537081 0.0325041763085234 0.0548147961220732 0.0383245630916859 0.036534095468752 0.0358990126789793 0.0563356448767754 0.367617125973091 0.0605253692525907 0.024721130008804 0.357316066881166 1 1 1 1 1.56050599738955 0.637203397462144 0.233300005318597 0.668867945903912 8
0.128494998173768 0.00641494522251682 0.00398333945719192 0.448551010997223 0.137484893874386 0.00497090824575839 0.00248097791788494 0.457777458131652 0.22242242148193 0.0111059317562219 0.00204393793136472 0.252989705757636 0 1 1 0 1.07441852940246 0.26117097097449 0.0339893251657486 0.349979129619896 9
0.079167515247586 0.0047932074813193 0.00476699971804123 0.222967302937569 0.0823225558920575 0.00405100412483175 0.00370320199782407 0.219926496394227 0.17797460562437 0.0100501470186337 0.00197012331696685 0.189710142662841 1 1 1 1 1.06817620107904 0.28374484134838 0.0390948338899761 0.405133123509586 10
0.602339257484986 0.49530875663124 0.496867390171943 1.26146763996299 0.576456408870929 0.508555579444172 0.646253357928121 2.493370291784 0.344605088079971 0.349285894604014 0.0912958974315063 0.116333574493456 0 0 0 0 0.513322463724762 0.415628093760461 0.0779313575476408 0.0305227264761925 11
0.0405198232060497 0.00603614622290447 0.00743814403032506 0.134857123135402 0.0469257727392988 0.00553164848938074 0.00587965398027822 0.146656702012048 0.121437539298538 0.00626758928024218 0.00250668695426368 0.135521054637258 1 1 1 1 1.25396963302046 0.259086672216654 0.0873338542878628 0.453100867336616 12
0.179813702846305 0.124743594951501 0.11778167280005 0.54162311751045 0.195506477794585 0.107550235289743 0.107304119834365 0.673910280472789 0.398188854155267 0.0814955635576691 0.0120866964890217 0.322896062713349 0 0 0 0 1.28867208724841 0.56205772398971 0.0713672018609941 0.313750441418961 13
0.157131720666514 0.0316910548468127 0.0311836481598722 0.317776767585832 0.165085528392929 0.0369179590248008 0.034238484114469 0.317273881812287 0.337797426636819 0.0595937093047035 0.0171025606167518 0.288466378477573 0 1 1 0 1.99554483033717 0.776968540856615 0.201026257826015 0.966969619970769 14
0.0493382064002305 0.0105423481076454 0.0109339136246486 0.114267453752386 0.0415482542935448 0.0117754023798241 0.0115702160947437 0.106572548860555 0.269562978096395 0.0267684204424787 0.00828905045540992 0.272046385334465 1 1 1 1 1.45113623607904 0.517861147643998 0.144224777352065 0.605628827819601 15
0.122754356237427 0.0704130251376063 0.078753891140116 0.193456870904957 0.122935849538489 0.0845568495182551 0.0783901498658734 0.180513048709675 0.337139338577477 0.15800562731237 0.065526465887131 0.339338656417835 0 1 1 1 1.77554774377495 0.910309325205162 0.332796147791669 0.74725797213614 16
0.145335373984395 0.0243000109125655 0.0337861047153611 0.291552240103391 0.153209023698581 0.0265264956040739 0.0306573244505836 0.296796346375195 0.317772867171468 0.0594107873949489 0.00992075502305594 0.280486279004702 0 1 1 0 1.99290022393689 0.811510586645454 0.0934409152250737 0.969843920785934 17
0.334463527367041 0.16331341505226 0.160327470605019 0.870143672268963 0.329394873758996 0.156233498250693 0.15862028489827 0.892814830421084 0.449993833940754 0.10237746243959 0.0381462317487039 0.360485822679701 0 0 0 0 1.12181222438812 0.652303830254823 0.215611922554672 0.297541262814775 18
0.129922476714735 0.0198557352288613 0.0231650884689646 0.318820694379145 0.113709467781597 0.0190493360135092 0.0207854608968785 0.299595197957561 0.366049364038107 0.0727138472864356 0.0302002703466478 0.31671245718469 1 1 1 1 1.39790877746418 0.711442576022819 0.272970167221501 0.492779911495745 19
0.100491843508614 0.101541214702569 0.101369599768073 0.0702039335846371 0.111274203027024 0.118174915864216 0.111062345076374 0.071454769162242 0.237946207695557 0.161784099641764 0.0476090719896145 0.077984093882555 0 0 0 1 1.49513221206143 0.969297251896933 0.276013411115855 0.208839517552406 20
0.376502314856082 0.132787589416957 0.124084398632847 1.03242892565448 0.358825958063904 0.13157298779749 0.126783178496922 1.049621082669 0.474162264125168 0.0855537298398077 0.020114369797673 0.423769167909239 0 0 0 0 1.05361191835254 0.57580360583961 0.0995876919478178 0.290397075936198 21
0.271537035302504 0.241952517540844 0.249415664383707 0.913911916818656 0.339225099150052 0.215840412222402 0.229221469127217 1.45596558406441 0.450451056997096 0.0672007317065976 0.00903295073585343 0.459732524848534 0 0 0 0 0.954917162191123 0.356173918116838 0.0360350233968347 0.189678232418373 22
0.147509946492658 0.089844267715311 0.0810864138670087 0.257283502505483 0.160973355545003 0.0855043677370409 0.0823263409680975 0.264406964443872 0.367483519163719 0.113081458158557 0.040973869299284 0.31275271164396 0 0 0 0 1.90559195447713 0.899211432784796 0.296899850713089 0.858766416320577 23
0.0599798656483197 0.0477950553845485 0.051404839566189 0.102172003312975 0.0539717196225845 0.0430975313084215 0.0457408104463425 0.0875013111066366 0.238381667904285 0.0201603044339849 0.00624638146512953 0.237588105715196 1 0 0 1 1.44636415783316 0.339705681428313 0.107949075521901 0.65327877108939 24
0.00434866812329352 0.0429133602041235 0.043585556538515 0.0212966980423798 0.0129112769723971 0.0382402454031036 0.04037919309021 0.062662768683056 0.26854764288085 0.0266768659216192 0.00766374271482197 0.280979291863914 1 0 0 1 1.32452690880746 0.388966808328405 0.108819713583216 0.56022155075334 25
0.0127851516443485 0.0170632698815444 0.0228391114898518 0.0216180777392449 0.0140079823367736 0.0176439865777568 0.0198749421029645 0.0212285497704501 0.30134079917732 0.0326042762186307 0.00535605515529548 0.299735858246129 1 1 1 1 1.62347775837407 0.581902888603508 0.0563015448860824 0.706641011638567 26
0.0359228516730125 0.036777978436836 0.0349208115636986 0.445968707763533 0.013778551280376 0.0593951143245656 0.059573052654568 0.433582194785663 0.402744220814151 0.131199993941015 0.0561122018626111 0.27706541396869 1 1 1 0 1.53594088042155 0.81922329030931 0.305421998491511 0.338864039396867 27
0.0453045269330546 0.046670738706295 0.0371542091534011 0.0502514958852111 0.0326175789467186 0.0331560761485941 0.0301719627044404 0.0418798866198012 0.105532575054769 0.0904936135080652 0.0256291002838112 0.0180022605919598 1 1 1 1 1.15449209976941 0.887741309823468 0.262252214364707 0.0839636714663357 28
0.0646305679012199 0.0434879980606884 0.117281091656242 0.193211413677064 0.0612174087564043 0.0582175278973445 0.0782614306951661 0.172895624084533 0.365794136805535 0.307806314229548 0.115479157802272 0.288176724407784 1 1 1 1 1.33023223374039 0.746596497716382 0.208682954544201 0.583391360472888 29
0.0702579285506794 0.0277968551591298 0.0117536009607418 0.1982927364805 0.0686652048890718 0.00127951157098916 0.00334481590339914 0.327717335119434 0.349391786863401 0.134181909765134 0.0349512391360794 0.260358145493153 1 1 1 1 1.33386314334348 0.872996591031551 0.203180402750149 0.30182553594932 30
0.301219438830774 0.0172681983406751 0.0102002914109471 1.13478916216869 0.363303684203461 0.0224660918953975 0.0200748797692975 1.35361509845711 0.324055154066878 0.0318229293999959 0.0121402396382656 0.328923662609768 0 1 1 0 0.688756848219782 0.274017054587603 0.0872250210959464 0.193582792533562 31
0.0818597585388115 0.0879020694011181 0.0858536638730644 0.322352032874673 0.103842539593788 0.0865892623697085 0.0865628747887367 0.448387872396581 0.303576443419643 0.122470699518709 0.0385986981986174 0.181893086844241 1 1 1 0 1.29387468472123 0.575448069022968 0.175699963932857 0.262439309619367 32
0.0178347522235115 0.0446222979302153 0.08061349950932 0.0259264961544122 0.0281253974411907 0.0538822358956113 0.0635112572090982 0.019983244138644 0.316178121669834 0.0793367874210179 0.00938735326492075 0.230947159920593 1 0 1 1 1.75933794490993 0.813062491128221 0.0136818464379758 0.553855386795476 33
0.113806745440978 0.0591165757821317 0.0561979773922984 0.386903422007392 0.115196967416442 0.0480478465912193 0.0435697481286551 0.424794330628145 0.406493373263174 0.0585471430184157 0.0237786541703988 0.374530918485144 1 1 1 1 1.16705680824816 0.476208231644705 0.181993168545887 0.41035085869953 34
0.00773082686484853 0.011375262845463 0.00772786760243946 0.0245581129515538 0.00617455373880986 0.00954060504365232 0.00820564106622625 0.0264646213665714 0.0702974367154439 0.0497060892169618 0.00456243617181058 0.0203475756194557 1 1 1 1 1.17711958056316 0.644914431497455 0.0495403523091227 0.143317127134651 35
0.119097175613824 0.133385545994884 0.130036932965317 0.17005020363851 0.125565595372531 0.122918505155131 0.122903388984841 0.150214765256396 0.4401411006923 0.111177671812377 0.0372934170839537 0.369292091809101 1 0 0 1 1.68119246279821 0.769982621539384 0.222718141041696 0.688786606071517 36
0.0476669719530994 0.0277458982635944 0.0302161300621218 0.0598999980442658 0.0258168187144548 0.0225704842013778 0.0248023063052202 0.0243757804953147 0.226831509381513 0.0432006057122793 0.0182296827226957 0.26079333645991 1 1 1 1 1.64126262674108 0.619784055510536 0.251746017718688 0.749476840021089 37
0.406574161833601 0.248258969224597 0.392892756433144 1.28310550839241 0.416738116443894 0.232301045225581 0.464748400160697 1.4785008272505 0.540673104904161 0.145595187769095 0.0129065609349705 0.392480151053993 0 0 1 0 0.992088751867414 0.57340398314409 0.0101286671124399 0.198892145883292 38
0.0985605714034809 0.00670399820470412 0.00823479612278381 0.21959115201006 0.0953841718998457 0.00592140989571965 0.00746955772925805 0.206588830150211 0.266895215228908 0.0222278780082842 0.00916525355541697 0.279049502927465 0 1 1 0 1.76681672409177 0.479268473107368 0.193412908585742 0.854545774869621 39
0.0465325370495743 0.0352851707020811 0.0367466620148811 0.125056465991299 0.0661061175919583 0.0281961656345985 0.0322734981500258 0.157852199639507 0.278186030997546 0.0250285989981434 0.00874266211198599 0.31472787402572 1 1 1 1 1.54564368957654 0.386336194816977 0.126319787232205 0.807476628338918 40
0.0109093811877317 0.020640504301095 0.0192713789765555 0.0237609868027869 0.00129001970397114 0.0221427310796324 0.0176219539491714 0.0210872348308971 0.380739050316553 0.0746781059963583 0.00964735064352783 0.32914880357833 1 1 1 1 1.59618093259633 0.745609080651775 0.0292485177051276 0.627908543683589 41
0.00507968456089662 0.00547305748268664 0.00606741948547913 0.0101451548664895 0.00285932890274014 0.000370430267551467 0.00070257431758824 0.01154352936157 0.174982297945044 0.0646460074406469 0.0171287003765949 0.112688970559797 1 1 1 1 1.80037733260542 0.866887699812651 0.227296380093321 0.50001604296267 42
0.221065384003859 0.0256612533283427 0.0268197324988057 0.741237759310711 0.263427005421815 0.0703470327520413 0.0708628253019715 0.956117285493466 0.449686015266739 0.180586972354154 0.0513004536412295 0.383592353006243 0 1 1 1 0.917455810587853 0.568465084536001 0.130019178846851 0.214686037972569 43
0.11057830401081 0.0226494651618782 0.0198903633427662 0.348820491895604 0.116830423487898 0.0186215258867719 0.0152588577281743 0.378627877370812 0.369515553965386 0.0598305166272329 0.020768110982203 0.332748714909531 1 1 1 0 1.42569329869002 0.609800279606134 0.20088469539769 0.445968879153952 44
0.135065305834546 0.0604955809016714 0.0606091130741403 0.272912363025914 0.160701457566752 0.0554739161246452 0.0552364138420329 0.319722026692155 0.402143035058773 0.0334783906951004 0.011783784615959 0.436492854086169 0 0 0 0 1.65019747801125 0.363643967080861 0.119411256629974 0.937808546470478 45
0.0882159150310407 0.0452134976416963 0.0575663435209863 0.185842200922289 0.102061076387374 0.0503893965530434 0.0525551098946767 0.195509260229326 0.376814751662065 0.0653719392126613 0.0102548993925017 0.329150166574089 1 0 1 1 1.78900625696406 0.717816187534481 0.0812688719015568 0.786931170150638 46
0.14103953200804 0.00395486088368654 0.0012691724532372 0.273336753360759 0.133625280941126 0.0043243242722875 0.00497295531182108 0.264324791334754 0.237765904109746 0.0144892649839963 0.00267076634507568 0.259768956908689 0 1 1 0 1.42885018093511 0.269676957046613 0.0272253048606217 0.729943894781172 47
0.0247924073829696 0.0217911930258571 0.0244671033825532 0.0532543722911452 0.0309812503613591 0.0256200479739779 0.0259100814517396 0.0655665931733964 0.0937462117578625 0.0359042730598649 0.00441048433752614 0.0649133873042299 0 0 1 0 1.96896930364892 0.975077951094136 0.0839453472290188 0.565432354342192 48
0.00600758604161598 0.00249431204167777 0.00510906071501306 0.00183521875005117 0.0046411188627474 0.00232982953907406 0.00465967737730801 0.00170651085930324 0.0195291109212161 0.00177698202699228 0.000342226412842934 0.000215432368320549 1 1 1 1 1.51161306584254 0.290656073018909 0.0330888901371509 0.0330038003157824 49
0.0770597785473022 0.0234531904138018 0.0309467771514351 0.158535864437629 0.0803512071402132 0.0241306660274421 0.0279211462690165 0.151047138013603 0.314442516922553 0.0439502496697165 0.00846957053944455 0.302501303686047 1 1 1 1 1.70857795840129 0.686871864832938 0.0787511875387281 0.805885064415634 50
0.110125747627914 0.0545809387534672 0.0215879940454108 0.203916294303502 0.11082939017513 0.0222493995764838 0.00434299144668216 0.246003254366575 0.35287151510552 0.207634731947267 0.0635969352813141 0.335581511938431 0 1 1 0 1.75077651347965 0.786248719086871 0.175236573442817 0.887656368780881 51
0.0327713417310023 0.0403601490348167 0.0419956039326474 0.0558064192394709 0.0373404472285199 0.0361977723781102 0.0371361544878742 0.0476435145947201 0.344929808504863 0.0627930304591193 0.0233780456321318 0.336076718936922 1 1 1 1 1.4147145729512 0.573537597432733 0.20333709823899 0.659218210494146 52
0.271232129660126 0.0448266999192263 0.0436147531843825 0.862609551673603 0.26214265795871 0.0426880015909968 0.0417376258895725 0.845248875201088 0.391394488745235 0.0313683204632182 0.00714388934521416 0.424402897497464 0 0 1 0 1.08593318285421 0.375244610244408 0.0723631745204329 0.329942008014768 53
0.104613680444218 0.119697766875616 0.118298931178852 0.132476652411345 0.117737900555017 0.126495993909109 0.120413558529953 0.129225911337345 0.462929049312698 0.127143487028151 0.0577849919254742 0.332392980420365 1 0 0 1 1.74631665181369 0.868610889883712 0.36691697104834 0.628229703987017 54
0.00454725441015959 0.00594589307249336 0.00395800529178384 0.00852546505812937 0.00523848120811703 0.00638304414256193 0.00408751230185742 0.0138676408634625 0.0785662928527544 0.0602290294014189 0.00996136828612226 0.0195011326753378 1 1 1 1 1.39903084049001 0.873160670045763 0.142407559324056 0.148372888099402 55
0.174664655584116 0.0509981480418999 0.0565806049925064 0.296804398326061 0.16012061890876 0.0512974932080593 0.051686537528774 0.274480515336387 0.369671237931913 0.0457944489064315 0.0230301117640969 0.372661061760382 0 1 1 0 1.17869538674131 0.318340430734679 0.144795483443886 0.747729661874473 61
0.00464647332495316 0.00347089873376367 0.00726109305790879 0.00280899970464925 0.00653782571989184 0.00664212873512892 0.00960651096898841 0.00732022549010833 0.0698150723304287 0.0515731381287708 0.0108911975298012 0.0208223862840889 1 1 1 1 1.64083431707695 0.948316963855177 0.198992298683152 0.20256760623306 62
0.0346285886104276 0.00513510883415767 0.00395894130934 0.0945994427803013 0.0376175426276605 0.0041673428856546 0.00322583430360276 0.103770294830428 0.188221127434475 0.0111584312423243 0.00461913392107338 0.213053854745764 1 1 1 1 1.47708100220188 0.304484145017341 0.117663246812299 0.675865403143689 63
0.114298618132151 0.0124826679019105 0.010074103979267 0.331244034087187 0.116072150247414 0.0106301776463137 0.00998549116715685 0.354732550434952 0.276912405243054 0.0261396460442899 0.0104799603376302 0.283312266530084 0 1 1 0 1.43330241367221 0.469880353892222 0.180123190395534 0.490995169617236 64
0.248038349995735 0.0252127129093666 0.0242775072715458 0.382605690985651 0.252933137835195 0.0245947412901697 0.0225464347237231 0.403024099500574 0.296167292591287 0.0165211785117136 0.00518123855907154 0.320127239914786 0 1 1 0 1.16290254564956 0.183706197654828 0.0405289616901428 0.704619693337008 65
0.006047590689704 0.0024079611442348 0.00166055405792409 0.00346651229339689 0.00563919587463906 0.0021121281993837 0.00117347406821065 0.00369492452152588 0.0127117440298379 0.00567561423408869 0.00245992793134361 0.00708168950065174 0 1 1 1 1.27151663508266 0.338516823248938 0.14444093266502 0.247696628328413 76
0.342494457794532 0.282099139851783 0.284927998533043 0.856407106003294 0.341109315615866 0.255279856587446 0.259997828491401 0.968190706422179 0.35403521929427 0.149609466688996 0.0587246070031927 0.216356740341492 0 0 0 0 1.07897741766647 0.68392857327126 0.267426738515496 0.201299786102027 77
0.0882047812217103 0.0279162483793179 0.0286451836565608 0.198684428916954 0.0866493815348934 0.0315334444345297 0.0326605209849466 0.176463381657953 0.377541094584139 0.178187055637496 0.0856165938039676 0.358265536286099 1 1 1 1 1.60210255673155 0.830231344792992 0.367578281089664 0.664878014242277 78
0.00957746467768416 0.00990284986001441 0.0106646470004528 0.00375857779055938 0.000465117197471912 0.000185203010425139 0.00949167986600557 0.0157103888127554 0.130178393064337 0.0712923038793795 0.00740238098601077 0.0613343820113271 1 1 1 1 1.4811228341423 0.933115994557738 0.0391989876516163 0.317262266762555 79
0.101658848136559 0.099149270865592 0.0981439156105995 0.242135609252374 0.0956145580110726 0.0864402613421236 0.084204901078405 0.254019172136284 0.236844283890147 0.154589086414903 0.0671484254155496 0.0858661817719444 1 1 1 1 1.1059691645205 0.764175681630149 0.323051849845797 0.158664148533717 80
0.0491861303236423 0.0545165900291441 0.0758599584667138 0.0960485851416485 0.0576270870492121 0.0655617368838715 0.0684249348389414 0.105334550764575 0.124726963274046 0.103975173432769 0.0109475624982267 0.0211302322791139 0 0 1 0 1.27792575443164 0.966991814319044 0.0654663851018995 0.101655689999461 81
0.130757126507886 0.113122375069262 0.122555645865825 0.218900081121454 0.13055995928429 0.124071670421776 0.118877433640725 0.170536377742063 0.391076839564136 0.120106699957394 0.0235043722290722 0.295577500082839 0 0 0 1 1.77187600219622 0.980679680593312 0.134610302280635 0.602341853315011 82
0.11729427136571 0.00674313521258597 0.00434446034658464 0.419074504514638 0.126996600584784 0.00518692267516163 0.0068701753685981 0.428222576054004 0.242709533747333 0.0100230079036552 0.00143831521522709 0.284667895285084 0 1 1 0 1.19855506764725 0.246586051536724 0.0100741644855589 0.383762477431446 83
0.0560537471617942 0.00575999499809633 0.00871963212505537 0.12500806267544 0.048730431359945 0.00496543560156101 0.00760121047097679 0.108247405072324 0.14025166888679 0.00760854204595734 0.00154979517938585 0.150712682934456 1 1 1 1 1.09902399824932 0.273382934974506 0.0293370082508773 0.509707205928862 84
0.344559546577726 0.246983834958855 0.231023657003448 0.822110361914669 0.34869295172099 0.249103979241634 0.258210947359844 1.3326082299039 0.314264462373579 0.333696423946621 0.149356028326185 0.180001377640787 0 1 1 1 0.681999451015145 0.524251558119431 0.239508895669132 0.0809701525140554 85
0.00108439529133941 0.000391909830583368 8.94352671975223e-05 0.000238748916134028 0.00121425482105843 0.000401416290575187 0.000182107391272687 0.00025096517917843 0.00990277216093305 0.00109610027593643 0.000166646904918613 0.000872003959339063 1 1 1 1 1.42299400363117 0.259661698713899 0.0134647584054619 0.1624670852907 86
0.0756810113373124 0.28035384827096 0.350234384135626 0.945067937353898 0.0684790908383065 0.290550225978229 0.309336956124413 1.16831787477091 0.36170705521604 0.31426308731028 0.100855368984914 0.300443717967376 1 0 0 0 1.19886562693864 0.96049494901672 0.210728319361806 0.182071308372542 87
0.0244106197322211 0.214802678912679 0.208837295046087 0.0805619040693066 0.0128836304823383 0.206443671961894 0.201689067252624 0.11340289241444 0.191507017117972 0.0703235074247637 0.0217105637628419 0.21872471916398 1 0 0 1 1.56535166269168 0.524979378096759 0.118019520770758 0.90673198364675 88
0.235234200839338 0.479296725177433 0.31544518750275 0.121168643884789 0.24689896547008 0.44569907528109 0.435318941809247 0.0112988638779903 0.424707831273223 0.397560089456868 0.149907096920337 0.327316384097173 0 0 1 1 0.88625013269484 0.446366888703778 0.148047736380249 0.432289927499369 89
0.0180056493691511 0.00717974954938598 0.0091330568132515 0.0540637514193286 0.0253196797521225 0.0108260002633363 0.0109891039346838 0.0622108920909059 0.177571701993721 0.034581741771226 0.00821687857776054 0.159783426137361 1 1 1 1 1.86671740468591 0.753209598362446 0.167453079251572 0.704245692817494 90
0.0135284170794209 0.0170524905695607 0.0185866656298865 0.028493243539003 0.0146843572823211 0.0185240383668651 0.0200897614195385 0.0290853006875453 0.064605551510484 0.0491413075236989 0.0115693650159361 0.0168397979839324 1 1 1 1 1.65605641435832 0.964752489235252 0.225094461813569 0.180579631822184 91
0.00117150613520439 0.000596762278356069 4.99430904923359e-05 0.000471058789435428 0.00104391633902535 0.000344392728709439 0.000165838693363277 0.000277677555764757 0.017863426976036 0.00154741610471087 0.000651341801569949 0.000539195029996983 1 1 1 1 1.59303466742858 0.269808508688584 0.10133135644719 0.0929480462800711 92
0.143736240400517 0.0826775123563784 0.117797534221668 0.246788777229004 0.151542634452169 0.0783384885530174 0.116489771923168 0.255773406117115 0.310156614971251 0.0512719850547836 0.012386686937464 0.316412908498197 0 1 1 0 1.28797213267535 0.3027829087805 0.0263984987977892 0.900887617375702 93
0.0196240190579194 0.0122178484087372 0.0111353765599284 0.0479082837709021 0.0133325342119389 0.0097655318784638 0.00921209723697101 0.0322984279696053 0.193104774953437 0.0145972840715002 0.00475265862720424 0.203788741374237 1 1 1 1 1.56368562486023 0.402162624290213 0.120756253134459 0.675922867609188 94
0.205239698332184 0.00807895830167986 0.0151302085196951 0.362091709220906 0.178658875063024 0.00309471395735823 0.00205843036812081 0.309254237413298 0.324660841970274 0.0357712838134557 0.00666905061834549 0.326441054550762 0 1 1 0 1.28920260863379 0.365261931205168 0.0161844259127975 0.740825419314206 95
0.0886364177763559 0.00549095684411148 0.0109188616074988 0.171640777870474 0.0930923391599196 0.00536548538099627 0.0101146431490045 0.178445618027895 0.290521854273748 0.0338009124617593 0.00960754801469736 0.303646620693819 1 1 1 1 1.02984096249565 0.378520963713527 0.0850180946290493 0.509817961137742 96
0.195240032694677 0.121429319243156 0.123894827636373 0.296530116092758 0.191247097118497 0.112611016182839 0.11508924143295 0.286057506972786 0.259723983811371 0.0342140420322098 0.00778735125229732 0.264710112502677 0 0 0 0 1.80826173443347 0.45680502965115 0.0636956105008721 0.890211947029456 97
0.11426487636682 0.062146700204034 0.0627529746265955 0.289824042403717 0.116880604573781 0.0514426520436927 0.0542010726702059 0.321653271593003 0.322527142540314 0.0611904696360285 0.0126954772030247 0.26800399753934 0 0 0 0 1.46824479103088 0.648094429867342 0.120551144005731 0.435484500369057 98
0.12630411135011 0.130831777832024 0.155829402987969 0.154633281033128 0.143665228143529 0.155591248006522 0.144418544576726 0.14211400309505 0.288788400568065 0.189305595955544 0.0296061695113368 0.100130847668106 0 0 0 1 1.47360026603565 0.987892950186506 0.103742103092372 0.241834082407877 99
0.0942727054327356 0.0425395712765653 0.0551345881974279 0.55643974946241 0.120798308914614 0.0456729790180914 0.0342323642053401 0.876205889380788 0.401556495207586 0.200925036971266 0.0471957614123543 0.389180658266426 1 1 1 1 1.15167446900159 0.823573026806116 0.0906598328147084 0.205427017761394 100
0.0457377103515156 0.151529323691985 0.129300677679024 0.0299308615779244 0.0369660918491396 0.121111311855948 0.1250192376669 0.0602518598987624 0.331211739996935 0.187506237517083 0.0511936368394458 0.363346045390791 1 0 1 1 1.52716022077948 0.737695465795696 0.163626953260973 0.696092047262937 101
0.0471731511335224 0.0399318997063464 0.0389492036969847 0.101894491539604 0.0577033738369461 0.0505351030223615 0.0500110778292074 0.110590319397415 0.125487046610941 0.0642391636955817 0.0261714045220863 0.0675485880986721 0 0 0 0 1.63577365968376 0.986487993504852 0.383424478117377 0.388243217486888 102
0.0887050047922447 0.0492015057326198 0.0397094252858648 0.225792563030551 0.0739071396218943 0.0272959951571724 0.0246139972763516 0.235782478898904 0.373787899725735 0.128258850674738 0.0246386202765733 0.247706766738276 1 1 1 1 1.46793189179152 0.842703562229872 0.161054811673239 0.388288215966895 103
0.00993500901253054 0.00705391175125534 0.00879173636636675 0.0554999362557296 0.0276001579534719 0.0062547070426539 0.00779479592166585 0.079500951008346 0.240285313190251 0.0631115967284138 0.0263892165365008 0.21841452680243 1 1 1 1 1.83091538213193 0.862672008341178 0.3240014645271 0.786945214029402 104
0.109906772798642 0.0855487285643654 0.0981226506254692 0.400049885477441 0.092328730897344 0.0796112711167056 0.116876046418765 0.324640249731196 0.397464955653497 0.207625374872444 0.0522989329565999 0.372771015820891 1 1 1 0 1.39914635382593 0.708692834945396 0.0941834254190326 0.600150750251487 105
0.00701608659895105 0.0294476469182514 0.035348553588815 0.0445654313270574 0.00350496656373562 0.0417210516201331 0.0403838142511012 0.0624687451639287 0.427610420874224 0.113855875920344 0.0365423547254141 0.321437745355816 1 1 1 1 1.57524196291342 0.817474620649591 0.25572235416621 0.518341111019254 136
0.184326492074885 0.164566616769161 0.157541392705164 0.192231814803734 0.208673220864344 0.175713403331075 0.178416120668259 0.299873401633139 0.379421049946729 0.190644416844403 0.0449616744712684 0.367690240192088 1 1 1 1 0.939082272816449 0.512905430281535 0.102034887066111 0.336192601360381 137
0.01507676449021 0.0223700203071535 0.0210262338208661 0.0265502215241827 0.0201267307577898 0.0216081529356921 0.0212027930828533 0.0299590303738326 0.28925629289227 0.03949404500731 0.0151849175925611 0.26927709940591 1 1 1 1 1.74703015293926 0.655755027430132 0.244433786021546 0.735368025489151 138
0.00735567294147431 0.0100165925346203 0.00904964039453502 0.0161996185423425 0.00688777154332319 0.00954940933862273 0.00794537894410051 0.0186551937104217 0.0590884127526106 0.0467967236910556 0.0107099852960253 0.0152600542223771 1 1 1 1 1.55536133330315 0.923002098221332 0.217502195155248 0.16478222515434 139
0.0388729835285245 0.0419465368134352 0.0411859271883496 0.0481016418811173 0.0427425190303198 0.0498032062084545 0.0478346280805633 0.0559801867778871 0.10375158991271 0.085825857641748 0.0335938821710215 0.0162029735095802 0 0 0 1 1.53820656752214 0.965009984793141 0.374760367209092 0.106090806890279 140
1.20413645070307e-05 0.00181848266857957 0.00246516772175556 0.00476132963717166 0.000197038274032699 0.00192838939948468 0.00151940397538559 0.00706003454186183 0.0355922019657275 0.030342243809856 0.00924007639840302 0.00558223595434741 1 1 1 1 1.42434225184843 0.802161605563015 0.235966319683939 0.0890944460406899 141
0.532006532793093 0.03502107642504 0.0411923994308271 2.34647368183191 0.44251295537649 0.034447077612036 0.0399242375312045 1.87775637324572 0.473015354262297 0.028446950504615 0.00673207300812644 0.538938950552583 0 1 1 0 0.840781179256737 0.232541934354231 0.0478695291094482 0.209006621036679 142
5.82016221952974e-05 6.54127110452882e-05 0.00133316470270017 0.00327162704240973 0.000177822825134467 0.000515795188977423 0.00168661964174418 0.00309516772878167 0.0104250410793736 0.00770232978269098 0.00235183176872267 0.00255760064207429 1 1 1 1 0.986797175835818 0.429446791298687 0.126605201978236 0.0880732778459787 143
0.000777254826146191 0.0012147452366902 0.00552247057978481 0.00226712294345356 0.00172816258464716 0.00246475307209709 0.00641795189449056 0.00592559960239587 0.0421159780220182 0.032699489983069 0.00664480552195024 0.00975831259520912 1 1 1 1 1.39671241957694 0.801504180300981 0.154004799202085 0.132380713243037 144
0.00816995998542818 0.00686124199077464 0.00560638923843411 0.00527995058522392 0.00842362442294193 0.0081313472608442 0.00648096101673053 0.00890635531335359 0.0429631685604881 0.0328648674796798 0.00649679848142065 0.0122813375983075 1 1 1 1 1.26962660672143 0.704531797673553 0.138853709679097 0.145007730461657 145
0.228241789736634 0.0207473671501619 0.0143785202145011 1.10165562934219 0.220071982710071 0.00602216347971708 3.72122960444089e-05 1.12325315389584 0.556334050025401 0.148263124023139 0.0590976784847243 0.46576329820724 1 1 1 0 1.064552038908 0.577023763908073 0.22346173110418 0.245023691095412 146
0.610263822207777 0.589804027445426 0.628461773537973 2.41781451914709 0.655240132816405 0.562330984268719 0.589330776009508 2.92920237752173 0.49246609775464 0.172183490939897 0.0229414945982809 0.328649704227574 0 0 0 0 0.750818411353976 0.406815295806155 0.0401492703240365 0.098647567210719 147
0.0754419310173607 0.169783593862537 0.189342752219525 0.227120641288691 0.0628121855265468 0.196608419816685 0.186850374782519 0.376683899333923 0.362988724484478 0.228854704376099 0.0967993618473261 0.351041617736194 1 0 0 1 1.3584800651297 0.980644116410986 0.385580960428342 0.292845429154113 148
0.00360136717364684 0.000390226645349014 0.000482350443807068 0.0017600080479557 0.00351972262417443 0.000141466817548458 0.000508350562296271 0.00154928405888917 0.0137288377720128 0.00289517732772177 0.000964739160117564 0.000585988964837275 1 1 1 1 1.36884180223569 0.330096299760044 0.101329211844131 0.0603596139699221 149
0.0678791121653366 0.029834832239556 0.0316767331324428 0.145846141795762 0.0726092697493202 0.0281792371934777 0.0299054701745652 0.142190859018797 0.26175535557391 0.0335355548909494 0.00473817250027372 0.246094002722464 1 0 1 1 1.86440014280379 0.651545585133135 0.0615028149913996 0.818934508832172 150
0.155937419759377 0.047096729278875 0.0435676489281581 0.422584478101852 0.158531637467174 0.0429653623448606 0.0426816929800091 0.448067928707813 0.320465978755488 0.0366305374044913 0.00937999972859113 0.313334661776698 0 0 0 0 1.38163592340425 0.527611131314188 0.117403786629438 0.448260172270238 151
0.00372698619112415 0.00155710422658616 0.00160009458885939 0.000609971375520614 0.00341363749552752 0.0014445450494489 0.00169149694051264 0.000687514508153943 0.0122420366369345 0.000758190584952467 0.000174480426610949 0.000120947266501231 1 1 1 1 1.05775678157806 0.177588424412534 0.0177894132211804 0.0282952601555735 152
0.0421934646709554 1.98507887678967 1.73133684973687 0.438967541954108 0.0323143978171436 2.1421987114609 2.0731119871525 0.420259464310019 0.410100588857668 0.390447568855002 0.0778135954793788 0.310198975046264 1 0 0 0 1.09359874390066 0.159678103169426 0.0296433439943939 0.889958090148866 153
0.0123536606187881 0.0116190552444781 0.00817454836292865 0.0548225344463121 0.031625051271171 0.0102609671533708 0.00819513453438267 0.0800206227649786 0.239180118278732 0.0413352129886921 0.0159616751765652 0.244811135486274 1 1 1 1 1.77112595224753 0.694236997747794 0.23965665185824 0.834020861890167 154
0.00213450706584701 0.00334859475423215 0.00485758509942668 0.00644970439294043 0.00224466361130544 0.00330012633563163 0.00513389774015032 0.00808130625388405 0.0180307430739217 0.0134757928379819 0.00285834595821739 0.00580538882702347 1 1 1 1 1.06605137744918 0.522748469607905 0.107421365566552 0.127208366524428 155
0.00466316315969149 0.00197597477711595 0.00511089753339977 0.00400149002585348 0.00476355530440111 0.00187769044713082 0.00492094921303558 0.00415117232186212 0.0138416046244558 0.00368920426266317 0.000770320839588029 0.0001474126513054 1 1 1 1 1.10832266695797 0.331950969062746 0.0503867527004331 0.0111957301851362 156
0.284201870573913 0.250610834824124 0.304564808047678 0.733279692363856 0.27600712774936 0.2230741085118 0.357591666810233 0.801252331767209 0.36012728609397 0.176214033488039 0.0131572456784114 0.187151040926491 0 0 1 0 1.07454392826185 0.687851474154741 0.0110839914996177 0.183898476185277 157
0.0498997479943332 0.00489688013868111 0.0130873773840062 0.172795670601142 0.0370514092392576 0.0219972694018545 0.014097980082653 0.13065237252873 0.316408870327032 0.145260328640974 0.0500130191726767 0.34756382932346 1 1 1 1 1.54691516468301 0.870410940377042 0.241996779805049 0.573902095435187 158
0.0792719090195889 0.113900533028061 0.124486731233757 0.161622737724408 0.104976170046328 0.10639621099213 0.117322172518689 0.204918728497297 0.207295749113425 0.0458941739474285 0.00739422037054657 0.223921679093739 0 0 0 0 1.50341752544045 0.364615353057161 0.0393503841478378 0.978834372479469 159
0.0160486910495141 0.0196343606644843 0.0172876860305481 0.0359793099880552 0.0184091321891481 0.0227073055276226 0.0203731436313708 0.0397061707334095 0.0474956161569198 0.0392409746839341 0.00998411455636541 0.0101444853820467 0 0 1 0 1.50929900864139 0.981956452596933 0.24175894097425 0.13243901450187 160
0.07215592309389 0.247996027723822 0.2240465036921 1.18257836401732 0.0827012369167294 0.277133300562052 0.0805658606997633 1.27290690265148 0.366608357840777 0.366368953578184 0.0893457665932193 0.312439157980557 1 0 1 0 1.0724984141998 0.895215108757839 0.0925290181767195 0.240422064904124 161
0.137194443599681 0.063955469568439 0.0608221305821854 0.304646168187169 0.125401647427075 0.0568582894663395 0.0556816958401302 0.300513083659052 0.339383403698455 0.0646299100143158 0.0178197042653466 0.276979374136699 0 0 0 0 1.48978677112609 0.734454407822341 0.196147711249068 0.474906536983326 162
0.346163364924998 0.100043686354307 0.0994768371965739 0.841033968394883 0.324231688318665 0.0971629564488678 0.0967675855513067 0.801430242310502 0.305628907506653 0.0518106856784877 0.0182588577761954 0.323535372636153 0 0 0 0 1.12406261730939 0.569637043168768 0.178870126837865 0.381576522486284 163
0.187750323383031 0.00658220728686393 0.00300007050356286 0.493180421417711 0.199917834027157 0.00729969248329966 0.00207632571870439 0.557712254762645 0.338623392129111 0.0437719692001814 0.00890996066837633 0.343222187663743 0 1 1 0 0.98847237508744 0.4490358941257 0.0686415566597134 0.353760935831815 164
0.0358787796589411 0.113503094201407 0.126732818912315 0.842949759218388 0.057290355998212 0.126566808770919 0.118181326870647 1.02792637705474 0.394170149806345 0.156716390181946 0.0703131229601561 0.423224839193782 1 0 0 1 1.27828373992816 0.957511524669826 0.309466864448041 0.197700741700828 165
0.0967083893162437 0.150993990526606 0.157174127616834 0.0425580220913327 0.0864284762639339 0.156641702777883 0.15381573249794 0.056134341891276 0.396068072271048 0.174908668472743 0.071561558575476 0.389801616984444 1 0 0 1 1.52383935730904 0.979973334353417 0.392055964563042 0.419369439361617 166
0.173684099162674 0.179286815765907 0.201462596641018 0.166662086271505 0.163858570313921 0.199020486895067 0.19345875713691 0.121922275930535 0.389080453032209 0.296769783054972 0.118870591152524 0.403280927579122 0 0 0 1 1.55932332854718 0.909628820372745 0.346053831046447 0.578456909395754 167
0.0980374069630899 0.0911046993486399 0.0220650113463878 0.0607219941225 0.0924872144137943 0.0619391974239999 0.146994008606646 0.00842455235626285 0.34499354127887 0.353511012314295 0.0922929349430519 0.275409294006057 1 1 1 1 0.985249753575772 0.596414080820978 0.0866091959178448 0.444711872609332 168
0.0696057217247478 0.00875303941994362 0.000942947525270299 0.156051176867079 0.0663885802547325 0.00602699295034679 0.00256900076073314 0.140591530215554 0.274366554947816 0.0264806686912812 0.00476275007074319 0.294078510575625 1 1 1 1 1.34134643431753 0.40654869005084 0.0352221366483718 0.689255224307999 169
0.25001974135338 0.101197733430674 0.049583303358699 0.843827851521543 0.253841576577434 0.0962877595031021 0.115401274824061 1.03788321651496 0.450055707437293 0.172059983985991 0.0253123124922557 0.341840035316806 0 1 1 0 1.10192432953045 0.717693654587492 0.0351791169960052 0.215632509440184 170
0.00649874049397483 0.000491285936320069 2.11366701078911e-05 0.0124008956604131 0.00263355558212268 0.00314494539350098 0.00293430836809877 0.0102013519041581 0.198665714865497 0.0412150837250932 0.0138324417411927 0.157225050206802 1 1 1 1 1.7907443465665 0.775482065277174 0.264216295443475 0.63058475125581 171
0.107420456607658 0.0298052833567671 0.0299847089796026 0.22821408217773 0.113291688917948 0.0298628294157998 0.0295391581954661 0.230368936996969 0.25748858907473 0.0367535156608639 0.0129668757684834 0.243317269275771 0 0 0 0 1.95471557183191 0.657677088864148 0.223339004209265 0.889333772007376 172
0.0512293305127355 0.11002471096236 0.0941270558362703 0.163754982420746 0.0503265210341741 0.0876990061676733 0.0968928538417578 0.195738616374926 0.330815569417181 0.173627335657883 0.0562761163566356 0.346231249357039 1 1 1 1 1.65332983154804 0.763354301219806 0.200457122875378 0.792589518008754 173
0.0109361615972688 0.0110895169890802 0.0110355310070067 0.0275524186822957 0.00238945424152746 0.0199590943986541 0.0068354074723981 0.0310698150076779 0.37481968078715 0.0877074279085327 0.0116806994596507 0.291607537286389 1 1 1 1 1.60199154913425 0.785008261213079 0.0421286020427942 0.565750573528931 174
1.21738923924475e-05 0.00169377272917771 0.00305446352239423 0.00467132228840562 0.000816746605937286 0.00206606031946962 0.00254769077911698 0.00587504381612292 0.0218173768359003 0.0179710520049738 0.00554019162028546 0.00536458767011838 1 1 1 1 0.842823148705065 0.4845108485315 0.14580877055414 0.076409196248278 175
0.0149976176706656 0.0214132079993658 0.0210632772573901 0.00766408479490198 0.0181756416462883 0.025953548916344 0.0243871998448817 0.00993044030951355 0.194405934042542 0.0417409422537874 0.013191788904637 0.16048335339702 1 1 1 1 1.8381939609535 0.78171121655032 0.225660758791491 0.627353398129344 176
0.000994548020176591 0.0012079204173379 0.00403827320783354 0.00543820420706272 0.000730563721309344 0.00127978313005535 0.00380514497829583 0.00549110825631404 0.0181065442601644 0.0161056267810827 0.000972747977348294 0.00250193686889737 1 1 1 1 1.33564538834617 0.695099112112075 0.0125865454319865 0.0668667070567608 177
0.0670172200886799 0.00868960170665329 0.00729391902541637 0.157144401717164 0.0772080420204631 0.0103227356963429 0.00989275589539926 0.170180836992714 0.253075805102164 0.037996213485368 0.00906411814020869 0.235037521969907 0 1 1 0 1.90068123163655 0.712016752688214 0.139414644101635 0.855704821646214 178
0.0568836070401376 0.0190707472245493 0.0175677608814052 0.161522067896575 0.0626585699314502 0.0179315182820605 0.0160852142134839 0.190953188158913 0.254885933863791 0.0268629686385768 0.00620252420498443 0.264948992329303 1 1 1 1 1.42736915498972 0.477078812429681 0.0982321701012552 0.545725685544312 179
0.522330558184362 0.130570175481621 0.131308394014466 2.54541621388627 0.589624400477679 0.133648832374828 0.133614105186276 3.02255351701628 0.477298670651452 0.05470866695576 0.0148307097016696 0.499663435974279 0 0 1 0 0.606932490132749 0.297955380054191 0.0416473317891359 0.113513928372413 180
0.0572860857676359 0.0321268939786798 0.0338643893672472 0.128897540041607 0.0636580378661265 0.0356814171715639 0.0361225362256994 0.13804934048452 0.150646799471264 0.0398065199933743 0.00546181771301103 0.112032852190078 0 0 0 0 1.98694147402421 0.906940113054588 0.09818378649652 0.708025241270661 181
0.00488943556886531 0.00424871142675262 0.0250071781368325 0.00344128646031057 0.00755835169223032 0.00742660831230924 0.0224474542302663 0.00507045049651507 0.0604186114689989 0.0559450565990605 0.00378501411502816 0.00448988493736202 1 1 1 1 1.359236179851 0.944579614093527 0.0414148566778749 0.0452963872812688 182
0.005330408401264 0.00620468432101166 0.0189017269770963 0.00699348638468004 0.00876715270569677 0.00947443069358903 0.0152542201422448 0.00701124350323136 0.106606824320048 0.0826857783188516 0.00516946321752992 0.0256312488218144 1 1 1 1 1.43707517627627 0.920840727863833 0.0357172368094325 0.145527405897155 183
0.160888847138279 0.0289176329799799 0.0307689288526533 0.435619004916128 0.15453261616781 0.0255371706640377 0.0298428303555226 0.434692595637478 0.305669451031304 0.0329457671906407 0.00478252722488302 0.318425512030828 0 1 1 0 1.35790231218562 0.496043074177578 0.0450264550745487 0.461842213524505 184
0.00122250616731839 0.00129903115728141 0.00722401386964488 0.00208209396144232 0.000822590451567699 0.00113422146922876 0.00753675371583469 0.00146483218578103 0.0153846238709952 0.0127282208056615 0.00343767447587878 0.00054393190032842 1 1 1 1 1.12313216738403 0.501908174483106 0.129360229941085 0.0161895796190947 185
0.00744762408651651 0.00674710811493552 0.00319916528960036 0.00726557374916853 0.00650799380911284 0.00569237158015031 0.00305181276213802 0.00665287840321818 0.0262117462631026 0.0150867391581233 0.00263475419040125 0.013179791751891 1 1 1 1 1.178340413142 0.494485738920048 0.0818103586789221 0.215526681626216 186
0.114972919690687 0.036300602201121 0.0338842372906234 0.219342112322716 0.127658077893827 0.0375864308965428 0.0351123595458774 0.230136248643804 0.27766710527641 0.0606185555777569 0.0154022631535157 0.259332642892124 0 1 1 0 1.92045643739402 0.8031748351641 0.189802821958438 0.925824423786253 187
0.00667526800911678 0.00692271097925526 0.00725682620831756 0.0262761101598074 0.010160886971014 0.00946931315571565 0.00892427571911656 0.0327521069403748 0.119623888089501 0.0640397327657992 0.0207636623492344 0.0640114945232199 1 1 1 1 1.6402641357854 0.823904419085011 0.262003395706415 0.337931318208575 188
0.0469469757122733 0.049409784536801 0.047914055376194 0.0453988320025211 0.0529789517964888 0.0562868146085092 0.0545616323461172 0.0517189116271002 0.121298938066314 0.102475223979796 0.0294538637647068 0.0227170976049123 0 1 1 1 1.52432573214173 0.956013550283387 0.281830614199862 0.122349533485249 189
0.163709175379552 0.031134249572383 0.0327171226249276 0.341285608307523 0.17401754444741 0.0344916205593315 0.0366656945833051 0.337233503143369 0.366996234852374 0.0718356156617035 0.0297759222146081 0.3163572749812 0 1 1 0 1.93882315373048 0.759312282549217 0.322472184430808 0.948755883146077 190
0.022750966216502 0.0115129238645053 0.0117995830681988 0.0441564038138882 0.0102248565722066 0.0177844345237567 0.0166529282480963 0.0506206627069517 0.329077414951382 0.0606354848514992 0.0125299746621718 0.284805754588917 1 1 1 1 1.63244640594348 0.756891311844811 0.133887659525499 0.602062438381836 191
0.0398526453806214 0.173919499788812 0.178927706762841 0.150355438424471 0.064545389194161 0.159932899121418 0.161258922362206 0.116294088997419 0.466861226347224 0.118635862089283 0.0534053085411307 0.38094536681316 1 0 0 1 1.53095308877528 0.755688140168786 0.286874482640997 0.512301544193178 192
0.134881484279429 0.0795361697084994 0.081695492553486 0.517906670972803 0.224396543632924 0.0716237182286152 0.0711425349795567 0.986389934808877 0.471764016921006 0.0338117457773087 0.0088123172647428 0.538187964330109 0 0 0 0 1.16000853152946 0.323013395769522 0.0831337904091924 0.282235614722595 193
0.0791334778382032 0.0842268367185689 0.096515284617929 0.0816246943733853 0.0748399666245299 0.107445133692308 0.109293214661999 0.0102496484679957 0.392841908883776 0.168952470162735 0.052646024062558 0.253603623455699 1 0 0 1 1.52956337342039 0.934540497371927 0.284737705951557 0.397952742408961 194
0.288694372504425 0.312800870466909 0.414423527600833 0.0705636826959413 0.266536464587413 0.300812101465015 0.420296024832967 0.227359038742807 0.332413057073933 0.33380165806117 0.162171342832941 0.0985983352103081 0 1 0 1 0.664563896600157 0.515438844915479 0.226062421454117 0.0837466774974018 195
0.0153300024084824 0.00769323867889532 0.00384931914447467 0.0467112463856402 0.0245834999950879 0.00952709741364159 0.00501865325189171 0.0584207982665819 0.32466811189711 0.047936316858081 0.00894009603576816 0.317616305785541 1 1 1 1 1.60118129756302 0.656702967593446 0.101604444673285 0.709698690334335 196
0.216021331348083 0.0597983485796037 0.0585628614624648 0.370283838485496 0.214907255187054 0.0607598785834873 0.062233342934748 0.369890325538163 0.381029179099897 0.0548350342295444 0.0174318348029498 0.404423958229852 0 1 1 0 1.46972951339558 0.40948500437662 0.116472315974534 0.924870951566845 197
0.00960372814032842 0.00947284364545748 0.01086705155211 0.0159020206149521 0.00904755740547571 0.00949351013894181 0.0112851762420621 0.0174787066491255 0.0462443396380903 0.0346061348254365 0.00830426126843653 0.0164963276342365 1 1 1 1 1.39173212274909 0.756239363923669 0.179174945922568 0.181657673092559 198
0.00580501971775058 0.00768915484217402 0.00766822740374341 0.0120827917154868 0.00553223288152973 0.00801989479817729 0.00713632409517774 0.0159744175123443 0.0380780369643535 0.0359791736349856 0.0115080255780169 0.00327544283963625 1 1 1 1 0.973538557533175 0.641095100902021 0.206235908903182 0.033094123005867 199
0.0311908926442418 0.143955714765472 0.180566237476543 0.453373985224274 0.0325609486588894 0.168702276615116 0.158398638337315 0.509522541195175 0.35497837880898 0.281650659158243 0.105106843401118 0.32204991852466 1 1 1 0 1.24790241103619 0.871999710332602 0.249796278541908 0.345499760471284 200
0.100955119376517 0.0476194552573668 0.0458734039787031 0.229843253200275 0.1137431962484 0.0447675010443834 0.0445465285036757 0.248521921049642 0.248001793499818 0.0302098617279773 0.00489661681424555 0.274356938125561 0 0 1 0 1.85097278701141 0.528937279013917 0.0520892816130072 0.989512429339811 201
0.090430185589236 0.00778735737087861 0.011837377483605 0.186756047838772 0.0885926985350017 0.00698285421558658 0.00937195844987178 0.184088741326693 0.265313150003447 0.02045992422888 0.00385543155078462 0.274245112201424 0 1 1 0 1.58239646442235 0.397302686003968 0.0591805526055396 0.776961137540638 202
0.0550136911664925 0.0590348357151373 0.0609577991864067 0.13403804187275 0.0587641291901279 0.0600565643950283 0.0619584043043519 0.150973121159627 0.182325341928616 0.122408871152474 0.0516046126033858 0.0642910773914598 1 1 1 1 1.25538257369772 0.796941115288064 0.333101292140782 0.176965203369036 203
0.0673767142804762 0.00598658034782013 0.0032283188312281 0.146588499644114 0.0781184500382125 0.00377317337681262 0.000994457590960219 0.168242385997165 0.264412045836436 0.0217316972512573 0.00448599960418787 0.292712109547623 1 1 1 1 1.71938762860373 0.456801910419017 0.0830688297282904 0.85228689876385 204
0.0622469791064822 0.0401593060074809 0.049548487344545 0.134509687746599 0.0708701644374995 0.0523980559599097 0.0504611362453537 0.12503983023087 0.328677558941844 0.0890618601396217 0.0140706880638368 0.2465811112932 1 0 1 1 1.81633643060923 0.909500961424783 0.122209927765653 0.6547176821623 205
0.0245494231770691 0.0777713560924489 0.0433207294259034 0.397645019782244 0.000854104600613551 0.0755621831230814 0.0696025250645466 0.160672701274747 0.373118315856627 0.270050012359665 0.0940483871076102 0.362354622569771 1 1 1 1 1.15281609119847 0.679867408471182 0.227055517258123 0.377415033057332 216
0.0718592816958284 0.0663011477714644 0.0548281026395727 0.136691786446347 0.0517408974608406 0.069629412908437 0.0531366820493494 0.109285599186541 0.342044421309353 0.0381660371982949 0.0152242707528234 0.340373624337339 1 1 1 1 0.972116743214428 0.23517226986587 0.0623948751017451 0.653171964921057 217
0.0236143368662948 0.0247692130314362 0.0224791180427866 0.046222859140963 0.0263116984715643 0.0287193602759741 0.0247287460501499 0.0507885113207542 0.115710507415173 0.0846367960495794 0.0206746278893261 0.0345603736971785 1 1 1 1 1.38899537175894 0.938933167606592 0.230320752598345 0.179845158243552 218
0.00421191018168736 0.00527841351754071 0.00220815148316594 0.0129349097428949 0.00450924600120783 0.00624107708711449 0.00292825109580301 0.0154357658039369 0.0483549912651413 0.0401524701658931 0.00657671028592172 0.0113910041775418 1 1 1 1 1.4663161765784 0.878443313529715 0.140916312579066 0.132981326896697 219
0.18576213969039 0.0119963713156367 0.0106949250167471 0.341335417833245 0.175753013041033 0.0115158900067554 0.0115371516752461 0.322726113506988 0.268164228814047 0.0165681286282519 0.00522643906533363 0.292966607459994 0 1 1 0 1.35554568236694 0.248671068809927 0.0762626677751541 0.73496555024758 220
0.0762494623033935 0.0764702924560424 0.0760466445207275 0.252560501018117 0.0679375874985865 0.0591428578343938 0.0553405453146229 0.281169649996223 0.268428346765759 0.185261913093415 0.0652459156738653 0.0902353647063053 1 1 1 1 1.1060280376114 0.774330290034413 0.270527693443 0.138484119437635 221
0.0886065518186139 0.00315134106927967 0.000533717190300908 0.189927498561219 0.103133107228906 0.000853081072952012 0.000633804091994055 0.209747003076425 0.252064237694108 0.041958256592829 0.0152679825730658 0.24700533468338 0 1 1 0 1.89588631968945 0.708557615056634 0.24153565755114 0.956799488980323 222
0.00451826543355684 0.00122680118486388 2.68848921210211e-05 0.00402112923812525 0.00705525706490983 0.00793922277688811 0.00796546985979009 0.0125346407902499 0.203629201315648 0.0648624699182809 0.0268259520612652 0.14287538419082 1 1 1 1 1.81976338336244 0.938762180740014 0.389708815608174 0.567386947339401 223
0.0147755906234348 0.00521987560318125 0.00568233630789305 0.0188683774767347 0.00259498234650533 0.00518341603767162 0.00501530568297419 0.00522817934896676 0.200680194701303 0.0120141704873699 0.00549052222624948 0.202776826579658 1 1 1 1 0.83203113777563 0.218607596121728 0.0799105186015368 0.452068159822375 224
0.434987717419959 0.326015597497024 0.327123275619848 1.38409664469437 0.481625709562034 0.305615658570253 0.308883327138658 1.75471085318849 0.459162516403739 0.108047344227024 0.0451226552586094 0.361271746703374 0 0 0 0 0.837685819715261 0.445561016211286 0.169446449261159 0.158804856706411 225
0.290693222741271 0.15091369361788 0.163667803862137 1.48714147245056 0.330143519098275 0.122481581361247 0.161548112558427 2.49746206418908 0.403681293666731 0.147253480839107 0.0536855116993885 0.442927671542703 0 0 1 0 1.00655668321997 0.762241031508893 0.066403582226485 0.10132193681784 226
0.256264946305667 0.201300098053193 0.124851381429301 0.290601549982308 0.246979910057557 0.195472756551697 0.0615965910949084 0.134487228395766 0.372729047852226 0.384475952124567 0.134761176063389 0.0648315779002516 0 1 1 1 0.908536927308887 0.717416331870481 0.205439436249435 0.0808513481169939 227
0.0613871130286179 0.0162852306819497 0.0163044873958464 0.132234910497322 0.0711207127645285 0.0153247913615633 0.0158943742429066 0.176357317743145 0.277414445553452 0.0132070671696223 0.0048315614130896 0.316834178416198 1 1 1 1 1.44828481273726 0.252548420568928 0.0846782319713384 0.707542415009812 228
0.192355940878989 0.064640592348375 0.0649734489355094 0.50351230927327 0.178635567565798 0.0566371630074056 0.0561261864943506 0.511149811743299 0.385010737226981 0.0566777202752577 0.0166658107807401 0.350683038968145 0 0 0 0 1.33494819235057 0.584868450183421 0.162979480344802 0.411473485641181 229
0.0398603008593724 0.0187282021088275 0.0182810460397627 0.0858551378288939 0.0453538141759523 0.0213114609748535 0.0199326348439764 0.0924939674307764 0.237938828549269 0.0454417248967219 0.0127356539219891 0.202461794978008 1 1 1 1 1.8392418762669 0.801497071515769 0.217258434044197 0.73130578850396 230
0.0138257918323176 0.00688441783872413 0.00766447610798732 0.0537351593834044 0.013544140122753 0.00186229917930839 0.00373770599749286 0.0560287554270981 0.205974556795998 0.0712640720072311 0.0199620279017902 0.146879905639507 1 1 1 1 1.72145139519125 0.823352826060727 0.240905507700518 0.4935855534859 231
0.26061677566164 0.0250766244286096 0.0210744821050385 0.645897130094079 0.248826702471351 0.0463534875371626 0.0548838260822233 0.540268789652999 0.434042166265933 0.266505010038951 0.118293592896129 0.337212090861647 0 1 1 0 1.45034931367263 0.608633858384565 0.263107093283907 0.711544458055869 232
0.00142688969953526 0.00271733353571407 0.000983908187497904 0.0100799026531706 0.00156052878777576 0.00317365796282829 0.000659936776833156 0.0107442019690407 0.0298968070126449 0.0190856507594785 0.00370260173511505 0.0133039136379657 1 1 1 1 1.33685864880681 0.614469251828268 0.113146059215069 0.214217677945271 233
0.00524386406070144 0.00384958660011436 0.00681068177169351 0.000279916216426519 0.0054965159914309 0.00387125899905995 0.00752368406663313 0.00187629041373103 0.0412198101317578 0.0349934126939809 0.0138704198609808 0.00663583219047451 1 1 1 1 1.00324484985322 0.632390009472147 0.240826082648709 0.0664451990742236 234
0.015043062274795 0.0125833495666488 0.0111429965675063 0.0271452886953483 0.0101471685800682 0.00618125679633861 0.00747528407890288 0.02497757552539 0.146031580690872 0.0760926861789164 0.00661923198145484 0.0729152419409336 1 1 1 1 1.57469424372539 0.918568234657869 0.0744686301331967 0.342334853718057 235
0.0227747758565118 0.0163960277388127 0.0113966543864582 0.044001491612695 0.0175873837606719 0.009716671110683 0.00433560029006174 0.0380498645095697 0.177889270641092 0.0668060126962347 0.0084030380514334 0.111905429154505 1 1 1 1 1.78813740937039 0.91307457559742 0.101012578234076 0.487633841345087 251
0.0305145327771078 0.0298209764736656 0.0262478463419514 0.0576315003897961 0.035414382724917 0.0333637128103501 0.0299727383710782 0.0589453380506229 0.135256647358961 0.0491869874098856 0.0152271929656781 0.0926971650625287 1 0 0 1 1.92218704707921 0.935765326721594 0.281254440546036 0.573805344756693 252
0.0111401757568449 0.00321349937660074 0.00381189456919195 0.0310458965766418 0.00961946663042272 0.00321470277398162 0.00261774794549767 0.0311843762455624 0.035807308095352 0.0191789127587993 0.00740981052088038 0.0178479093173776 1 1 1 1 1.2400305615738 0.409042612183839 0.151793584693223 0.216700365999714 253
0.00253088545359098 0.00369220704366981 0.00272482558763003 0.0120796861601012 0.00337402616742252 0.00391507040818486 0.00301882188784837 0.0151914885292359 0.0772134432890252 0.0505183844458355 0.0114694028264329 0.0279932519767511 1 1 1 1 1.63544499548152 0.902533745625988 0.199883616063744 0.24738468718715 254
0.0366693515583772 0.0331967087996259 0.0367863109751357 0.0771775256396603 0.0410671654045529 0.0388915955810952 0.0399505316778923 0.0804318268650488 0.164317202736117 0.0866322710367091 0.00851888092534142 0.0776922513578589 1 1 1 1 1.61720623308793 0.955123517196625 0.0827891586814076 0.368115686113015 255
0.73045256534706 2.68872072003827 3.03131423297388 0.0881843279661262 0.716280470478446 2.66850991170191 3.3253124632872 0.00593515654498668 0.350827313673884 0.443787987325802 0.156473639489965 0.267095278987859 0 0 0 1 0.521806317381561 0.144237740896642 0.0417226436547935 0.395344225689769 256
0.519304390008104 0.217151230086847 0.214166737380533 3.66330123739507 0.562926315612524 0.233845904482385 0.229705012675008 4.66962847830122 0.400394219732875 0.166371684313202 0.0668156005818702 0.367334552777894 0 0 0 0 0.711853267624974 0.507010634988546 0.182860912987962 0.0638208058662713 257
0.00287401569492933 0.00306442851835988 0.00316403146401809 0.0011730346798264 0.00274399151922269 0.0023913916493672 0.00369329978284126 0.000745032224675536 0.0159693499255302 0.0131724163553133 0.00287060479905427 0.00123735454044955 1 1 1 1 1.19542298233137 0.573836805298924 0.116344299167395 0.0366433025337756 258
0.0660217087114129 0.0148360838889283 0.0148598165506294 0.145030983332466 0.0568044181171366 0.011780190055041 0.0132033466443741 0.142869485050368 0.298213082089574 0.0516634482964875 0.0205438766300164 0.265160616054956 1 1 1 1 1.6240174616687 0.764604459283873 0.288131225388497 0.577654595021158 259
0.0110239510145997 0.0065756692008021 0.00698024342227828 0.0445647976021168 0.00171334445615401 0.0111500689378865 0.00996177573636883 0.0231014656402297 0.249367955706126 0.0580190736298163 0.0233030559939869 0.206665360327278 1 1 1 1 1.74992245435715 0.876158735016361 0.303989207837731 0.66394605813548 260
0.000641876361399964 0.0022894137413485 0.00027027512241563 0.0034582117979114 0.000701887414083386 0.00191980654783113 0.000661415484470647 0.00259284486293145 0.0154314347643383 0.0110954455369247 0.00225767785405023 0.00455391387948602 1 1 1 1 1.12026097625494 0.536073958966881 0.100445128977299 0.12252656230703 271
0.188122222267346 0.115813867297756 0.161970389218856 0.213776315938192 0.196265526213057 0.157736156668751 0.0477903705828917 0.275157251798253 0.407872962956226 0.253916040358109 0.117897163114562 0.356013778265876 0 1 1 0 1.84327095746994 0.913819298846647 0.138221374480054 0.878319996874779 272
0.00224621182278916 0.00271680068826865 0.00575154407811829 0.00143872235628676 0.00364258733656979 0.00420616952656716 0.0073146742508679 0.0034851947548373 0.0531679659947151 0.0458813998691431 0.0197015588842509 0.00816131671113514 1 1 1 1 1.52809293754399 0.950500389561057 0.399249396519735 0.0965228015556931 273
0.103159569504397 0.108932551731588 0.124263975503082 0.143844099591755 0.117147958710375 0.127077514919572 0.131239164274493 0.149325513459942 0.201456899445251 0.150012700018125 0.0221261211116627 0.0485882445055151 0 0 0 0 1.500050005503 0.997921239351854 0.151887108106166 0.182090602582321 274
0.0408023673453141 0.0212161248337892 0.0226141933952543 0.0840015735060699 0.0350753552019307 0.0140958818142839 0.0173067567532524 0.091716092007644 0.227380913724923 0.0495951167089157 0.011105837240838 0.191542288587989 1 1 1 1 1.70208816137165 0.719789093127474 0.151584261795506 0.54795736214146 275
0.0283190721428944 0.0345412895539216 0.0311716120909847 0.0824601388902699 0.0320665704579692 0.0375513888473858 0.036898270952457 0.096499371748537 0.135743245035367 0.10878296412483 0.0299858099090332 0.0305084373955904 1 1 1 1 1.13958943914622 0.778432087274268 0.214409601408988 0.108317112317309 281
0.0119160953936937 0.0798662462798323 0.102413657845588 0.069961224334208 0.0204990268031009 0.0799757176567286 0.0882467797870258 0.0874067322900072 0.424313266629402 0.0987943490874774 0.0200893660600478 0.352087990300035 1 0 1 1 1.58546875836328 0.766697247512639 0.0901324290316552 0.544701796490699 282
0.27095916417971 0.169253825068504 0.205399687760656 0.577919279133987 0.247635920847218 0.18832738933321 0.183589036604333 0.387989918085412 0.345519581873214 0.274427183640351 0.137451714484816 0.321893944649516 0 0 0 0 1.46402684506029 0.906877311412245 0.383161519886926 0.452099466929212 283
0.411031857648991 0.195306788370838 0.198234449844811 1.10952475419357 0.460534688339315 0.239974980443912 0.23212229891497 1.46995445304048 0.387049394321724 0.217401900518409 0.102133453487511 0.346467154689835 0 0 1 0 0.722954983823001 0.483353991061449 0.22358331666328 0.142515388317406 284
0.0422557800481096 0.16507526994525 0.242034739499919 0.426039203565196 0.0735907552605154 0.147297521154575 0.203713069460554 0.537651688862927 0.380609318923996 0.0795201413431483 0.0270198687125188 0.330464681497638 1 0 0 1 0.931502673309296 0.387704362859949 0.0741710066795349 0.313856648746878 285
0.000323442092982697 0.000327186837963761 0.00132517232168394 0.000750698100502366 0.000146412623990468 0.000341717564305448 0.00135896282039485 0.000653485384031908 0.00913126238528039 0.00106881261205516 0.000223993856147492 0.00089154172601183 1 1 1 1 1.41005909396335 0.244683145079762 0.0340878223069012 0.168682067422196 291
0.00684466253746761 0.00167504420761894 9.90930315421402e-05 0.00144885810544028 0.00601556328324183 0.00172736195713935 2.17692793921755e-05 0.0013343681106401 0.0228776836486471 0.00211545245866723 0.000839023400813266 0.000188538702575815 1 1 1 1 1.57352373283356 0.280302762752399 0.102956929709762 0.0256734718568623 292
0.205477535858522 0.0380323987005108 0.081341237903392 0.294791596498346 0.1951009700485 0.0763660924790475 0.0515355656623124 0.285121956123846 0.383138219356578 0.34641514536814 0.120645610954496 0.360066895086804 0 1 1 0 1.58305845782161 0.7338429200463 0.200736505445093 0.791931932559237 293
0.154028209178691 0.120706432399944 0.108623637813559 0.346918548372085 0.146306314519261 0.105919680036414 0.102558919281717 0.363071008465299 0.27555285500529 0.109569551155379 0.0144936822525516 0.181512752074464 0 0 0 0 1.38606266444549 0.802799242548645 0.0877237906679511 0.320161047624424 294
0.237541113323743 0.00580520717778203 2.35941999818522 1.45992184487913 0.24463165602161 0.00696395822185068 2.69952394315109 1.81557104768201 0.535525940374965 0.250640032431078 0.0485017385643107 0.426379599153461 1 1 0 0 0.920055143535137 0.606300436891615 0.0130039346404374 0.13817943376489 295
0.0187357648514846 0.0256358570169011 0.027965966551164 0.0248033760194891 0.0351218807870119 0.0326167745792877 0.0299304134714553 0.0479728375521192 0.288310241936967 0.0617796963661086 0.0155910176038137 0.231997524811522 1 1 1 1 1.79070469737053 0.89083138667047 0.162868660409003 0.670584966195747 296
0.0626328398699913 0.111475754335791 0.43670558471316 0.498080652726592 0.0623355615441382 0.118314313314379 0.685675836530479 1.76029520565914 0.347640246228734 0.320493640976534 0.0784216909078518 0.124020858323993 1 1 1 1 0.964187714736909 0.769710404565558 0.0440899557434022 0.0390170158352703 297
0.155911357623389 0.0366593349352682 0.034857341261382 1.42703573796465 0.294244699945865 0.0171717523759451 0.00542150656469608 2.55492873529574 0.274452532207792 0.0706100530912435 0.0383502604987161 0.278662990800435 1 1 1 1 0.503987782634795 0.297510974574834 0.109791579656303 0.0641074627637863 298
0.0487894178344116 0.0463892828287093 0.0502799128090553 0.0852230447804991 0.0557046075008409 0.0565002051107187 0.0591687734194475 0.0902501627169302 0.163267144773566 0.0901800751273322 0.0309650119375886 0.0795423077265781 0 0 0 1 1.71992877870798 0.962288394104689 0.323554534465075 0.362579485634342 299
0.230238646687089 0.0785257981550411 0.0817301811529512 0.807175916457775 0.259871433698568 0.0722826059115313 0.0744412409991771 1.01496057261246 0.439805788767005 0.0346689992677143 0.0132583459929659 0.493711084395777 0 0 0 0 1.11324390536174 0.352434324100614 0.130861902842298 0.289780315943062 300
